601702
806061
128466
449681
580638
734266
 72045
291879
701428
815473
 81425
849836
975172
992848
113808
111540
614831
419361
 34506
183608
730838
720357
724988
264990
175262
378264
151262
702279
126440
515483
315411
244494
837897
960230
210527
934887
694496
282573
743118
912276
614398
824543
762112
589571
333743
392273
217463
948574
811634
251969
648534
 58824
488679
373522
323814
663941
751787
991429
882572
394579
 23264
714336
155426
377513
674566
365953
828752
885414
164878
571870
797691
779277
912766
 76155
885200
246509
468428
619015
195084
796414
387336
359970
855239
876015
733493
695405
 56308
  1632
203186
938881
912563
226451
169569
 67989
120316
844135
950295
949069
245901
115173
 37291
 43592
410802
950057
636100
296002
712919
104528
431369
908003
417295
818706
267973
272534
211073
517818
484291
267382
 35802
687478
722615
464718
430281
892184
532707
 66949
252671
999354
532370
498572
114528
569662
542165
525330
 36071
694617
337685
748990
799145
769054
173345
216440
104112
957671
  5326
315186
475489
  5970
582568
 27644
209800
821535
492362
156433
713719
541421
223382
482742
540776
755753
981314
655304
325415
 39831
696986
877838
734448
 34671
626829
 49946
320078
800174
782738
424190
757845
304417
739376
749687
310387
838296
777331
520187
176183
786045
676620
889902
327466
900002
888996
868242
172107
870311
 39898
 13874
426494
736885
891713
160943
287908
518542
727241
124338
835068
509979
548529
592914
814396
804257
342601
124783
158906
636284
161322
335089
422329
354294
741344
266147
254297
630340
134390
942756
 17003
690640
956631
443498
943877
848344
120793
748138
883238
848034
872476
718306
358013
421005
827572
172410
741615
686525
813545
900521
322809
974868
235610
261490
329162
976954
527638
 99811
123647
178380
 42568
140650
869020
515551
584148
329250
363895
704941
 77388
247133
552975
949864
481791
427341
370870
309364
599751
628837
995889
413296
529358
835051
904516
281320
 96541
233679
774627
140531
849842
898274
318911
892410
555276
704284
407961
655777
 33534
288208
360718
110922
 51693
430046
577138
533485
373739
464360
359201
973490
 93197
355090
903138
622555
706493
807655
420228
803035
557686
194855
459918
407528
609481
778830
816291
164757
999466
224252
820534
549352
 28813
697605
176626
 80506
644003
753764
130343
 17742
218125
489544
991232
311322
360987
410722
450230
 67480
734729
870458
386867
292415
581665
846786
699944
191146
141968
 32587
355903
141434
773191
176438
690786
802004
390395
867412
398863
 34398
621176
529206
 52140
355653
 18751
 43372
183328
896090
970446
633558
963570
705176
 20368
350438
997591
118385
713576
213887
309531
855544
762826
181786
996978
536018
874576
687764
338022
264971
 71528
736885
299369
209056
782444
351509
564710
801195
911233
748038
213637
398032
897948
177207
103208
434668
 43997
617151
553053
757573
347391
378936
613117
110217
560722
126447
646235
951651
330563
500610
216622
402091
753847
 32344
611148
536291
900205
692210
853838
811439
956600
 67475
209471
854548
244683
829031
805568
805032
962534
874973
562606
309925
253909
692075
936495
330983
818523
 99082
282634
149086
599692
 15609
551178
353540
 47953
678678
406183
948158
370888
260022
275949
327488
327497
  1772
698388
 88532
830803
503956
893565
793338
378929
972523
619615
149190
664598
556110
480173
483121
655193
279160
632208
771237
294769
699738
641129
859074
378416
 47313
807232
265656
307335
599534
109496
151184
601306
324236
239717
948462
344544
649634
258152
239825
622157
877767
389015
286755
950230
385540
769877
121775
664700
402085
893012
475821
101823
534142
334895
996591
 97807
658480
262247
405142
258014
888095
 72678
375672
212331
312395
324134
556875
962029
582286
796700
584186
976406
185715
870942
442988
 87607
157171
564763
752308
 75608
457775
744481
177431
508269
 79377
690374
606076
737857
468973
527570
512223
357068
600249
887895
569399
428996
212030
642626
391026
310668
439326
491564
803426
141393
878858
246414
229000
 36029
811177
497660
111637
785305
758494
805420
809926
837871
495794
932355
 92080
964767
459925
120655
838187
576526
  8550
407586
521875
736932
566564
429253
563953
  5890
920817
367379
663635
316028
613794
408988
352057
941323
423000
980047
726628
181494
785467
536555
 19365
797614
468910
627797
278733
445187
748452
116921
538066
273355
 40859
 59941
 10287
607424
489194
574240
129666
926363
457972
793302
242391
 71766
718642
594449
 13089
141642
 90848
256070
323137
392667
792625
858854
190281
777887
  3004
985367
223074
751456
618640
277492
541163
659499
337433
551451
783275
826627
642043
912942
269343
100015
222596
511734
688133
941238
106183
701223
599232
713383
473645
922369
106051
266270
297576
812684
560509
300580
798051
783583
568388
933043
577428
109552
592543
914861
177355
892170
257841
335750
321464
527184
952118
 60412
 38918
640251
  1650
661454
857826
600883
374837
331471
 39604
997240
114093
337180
809925
674602
154112
124328
974538
722501
 57372
551966
348405
166267
466827
 42112
 58437
241020
377862
896254
284556
329980
956666
839827
970232
474669
 17633
344410
 75552
392470
675882
631508
906063
789975
485041
715988
464578
639153
356668
439116
878006
414040
507434
226411
 96659
490613
268523
671449
731634
162738
567703
532542
492718
524369
372369
979302
999038
390002
323713
590942
298825
999595
738803
204888
305922
223844
437228
770500
379349
793896
725968
257356
724289
233402
   119
820948
724016
784995
  8749
972002
947733
576452
504544
956803
617174
876914
936106
132564
783268
259819
723507
 82093
775766
978662
803333
 81688
202506
756913
368541
 98207
550810
610861
871915
791451
844264
872035
128751
 84632
173382
137501
 56634
637467
230305
 77530
594270
847479
470796
 46728
980044
254065
822899
219903
852510
598665
714917
172196
196706
917423
929109
 81599
531982
996271
692460
403898
787722
 53076
792285
916474
137708
965667
570327
710694
603134
800632
788225
713756
164464
775373
760485
660860
545790
583384
397115
398301
698402
112032
570497
895108
545807
 15958
976707
 77789
 12230
669167
481687
799952
238596
790324
232778
376304
755991
319457
603351
875477
636442
907928
589234
800906
683301
349719
978118
229092
933103
375233
143745
631505
  3617
230594
 42965
549424
246552
536024
627213
258782
721544
625253
575087
960140
415577
324217
852796
687921
643675
456147
563398
280117
364075
668984
597375
563729
 18703
 91845
792821
468159
467078
452918
616016
470695
199864
658982
536471
446416
195006
680036
221551
916550
821641
312990
393042
753571
637207
245839
441492
797234
701986
521242
 77351
582414
190227
191078
146143
725282
282923
455316
193441
266353
908234
325810
253400
624450
501144
789871
 70866
212502
469908
808769
645405
807901
121759
 38447
561472
275319
284286
  2964
 72553
986273
 40559
666257
 85039
230786
857335
231182
472420
656611
202850
182214
922964
627436
508024
692717
251886
  9168
482588
322752
738022
468848
647874
383427
276750
769633
421875
354574
561304
706161
873891
633858
208786
914450
300115
810177
661588
673802
 41359
134008
846765
244209
316222
769730
871645
824246
978799
639883
349766
977739
962636
 87789
962940
126862
471216
239690
896495
409443
110616
974152
631957
984507
608010
357095
898957
424477
167273
560545
 98279
724984
210906
945045
485546
527128
231127
873543
867727
209926
513427
733845
704017
992415
821634
666957
119277
809203
422999
532124
218646
533616
506276
366955
518123
114286
724051
417081
538763
407676
493978
153395
132660
704884
614792
618206
748365
362271
491750
616092
 88549
521529
349937
792566
513944
687924
459524
633221
497127
882523
165345
232125
416139
187974
115433
450615
818612
839484
384048
357376
763512
878026
 27123
896172
 99263
158267
 30731
847628
520538
 38833
980072
609087
560362
330009
401653
 74306
534285
377529
707527
547764
260053
389224
296242
192544
 93550
411675
643159
912163
767511
 27207
785891
531023
421586
813014
427195
520849
971281
974278
884829
  8171
 13111
864901
617258
573473
711262
535263
647779
245548
912793
871658
309664
689198
777235
605906
881742
870785
 17581
 41254
782948
785092
 68461
568839
832467
490047
898205
776015
527248
869486
750293
412077
394009
763405
793330
 11267
336878
504593
 62883
501010
266493
492028
889020
576157
181226
666255
182064
579320
 53393
715997
620574
836341
501090
689036
921533
333557
695435
819738
625924
222684
205577
376218
151113
599586
139623
944444
127206
992853
449037
190089
 10215
231882
682117
899236
808039
379695
 81843
506455
959015
135236
222453
579590
487930
239895
784978
409463
 89804
480413
229201
715729
219449
434778
 91947
370563
550717
747922
315007
677923
257127
280396
868012
783695
 28630
 66481
199283
836669
446176
281126
859477
921543
932715
 81930
501133
936997
838177
802463
346460
927981
282877
 92013
643710
 18678
 43144
252009
389241
593861
516283
220600
271784
289763
 17348
656148
 73458
 45978
238981
272741
399000
685157
 70219
774829
606700
519286
856759
624186
456283
211288
426649
319095
139269
225878
927461
299332
244557
970605
 67693
150150
 80818
583977
887103
868954
873740
420803
525102
463550
466782
764083
736291
382134
965592
322862
156963
 88644
358501
530074
712830
331136
741362
655832
650232
396983
398062
577693
696315
158971
 64650
764009
309122
145468
864338
712577
 14422
738078
133380
 55876
201628
116514
336311
454271
 15000
301903
293485
688315
390547
651986
218389
619730
499475
476103
791914
149707
873087
189976
243752
569402
348948
824754
849763
174422
970222
714101
886999
500996
968531
536731
556872
686511
169598
893183
657134
184598
711438
950620
872914
618337
118958
607655
238067
618433
 83759
546333
284492
473198
736310
 44596
558952
 85258
869350
408716
776032
355924
639169
179383
856920
607701
716114
930144
294212
402064
339679
951347
103015
 51117
418319
975929
669455
537277
 99936
423874
672063
700047
970208
472907
173245
222870
517504
248550
824480
386854
657266
600512
742779
812787
779895
116051
420488
 12361
 46196
231053
414426
385875
182400
517441
953345
117071
  9722
622800
170700
626010
563026
842763
326058
533234
832023
 15655
756104
349527
264205
 96936
252733
437823
697448
995512
250611
993695
627916
671099
  6057
674112
418504
936835
576339
117256
970628
529684
234327
980350
668836
405028
122712
231863
764143
448770
281449
596166
464426
553906
462045
244983
650842
714779
682807
864643
226643
933418
858338
854559
120869
380747
 45023
539374
317582
137715
656630
288210
667399
407310
784912
852588
812338
907625
600803
 92833
872747
882252
205352
853525
952510
667397
 98509
119705
898528
297668
984348
125172
231086
842686
496083
351955
223434
 57459
407681
 57368
195174
 64312
861931
378925
471622
646843
231513
800312
 70820
832316
409497
459920
230921
614849
313445
183431
798599
928306
819488
697127
225974
803836
338651
973412
162875
351087
325368
902661
408546
249401
476381
603720
830065
338312
982645
301687
501508
730511
618351
572328
562827
 27849
548600
310100
159050
378398
  9884
957649
306704
829372
171129
 49031
149561
 26132
 22443
828788
377219
864163
731449
302117
113565
207830
422189
943630
546143
921187
761670
 47651
651698
896373
136331
730877
440574
201284
 40978
599625
579682
 50862
 73626
402738
396586
761107
451769
546147
787240
990565
374935
680811
371080
622736
499281
484645
346919
921470
944628
409414
359009
222650
973417
527059
635375
626100
257937
 75950
827384
815267
191927
407066
382481
781905
809805
295419
543013
777926
357919
846605
768491
249206
527416
139572
871943
543049
140569
735214
980872
601549
144628
339881
340551
118045
866941
492279
260497
641230
 84581
 87882
972849
276508
 11300
871682
574765
821105
167101
117778
115384
525020
964383
400227
774227
  8152
 56151
162522
551201
713073
897736
532073
314622
558716
388307
171526
193113
771600
663805
453610
412830
264738
541492
902031
 57598
 69145
290065
632363
406602
457166
750142
521986
498539
230877
922214
789118
755381
494717
951640
822935
207790
365728
871360
 38765
924444
259667
726643
117557
 31267
390448
 87519
960449
171538
145364
378832
229136
214509
668897
861499
621111
642416
127993
143098
140955
875223
581664
446425
630604
 76381
398065
969891
800524
280145
841252
839289
204589
100919
565932
838498
648539
472732
442369
608988
644270
587733
504173
873406
802242
173070
251257
423354
815486
379251
 82804
472793
254474
180820
919218
401430
257201
833635
371322
574077
113780
212574
413366
834721
829845
495650
189571
994736
968382
631941
603725
129004
219674
624250
518762
 21917
797320
770020
961623
129159
665623
560779
601952
920097
741599
 37523
837879
515152
871158
209201
 89230
501291
938127
502596
852364
284325
514599
 41936
279061
999333
673877
399138
128338
409903
 23388
163452
948172
337061
933472
426147
982572
599095
986926
100876
 35544
728525
138399
873424
243678
525910
598977
332908
 27201
 53457
351856
879565
854134
866455
437853
133195
865789
628082
 48686
510479
 37986
588426
673931
502510
925487
123756
928658
908059
722851
915584
525288
274748
644110
663687
664524
887788
189597
779853
737048
733150
349662
 88904
129068
203796
471712
566921
853344
853853
711356
902030
364332
749342
  6808
554615
768204
932296
678371
696862
356707
917575
612447
881995
192323
772909
 62035
373199
177049
767984
153052
914097
501135
502715
519353
146555
706511
991065
713476
 76207
844918
424832
494589
725602
690526
501398
280218
458731
950046
958589
671945
306753
876164
800744
705101
584839
573653
283488
474390
267054
 51472
627443
181151
 68959
646510
216857
215514
869373
207922
445343
945581
569193
386527
440170
294795
 77054
941568
 91365
 52137
891614
 49955
240434
714720
442471
 41179
936173
543663
131184
219661
 18053
398239
787485
161848
 95742
856445
808358
312599
 71959
677732
 36874
 33654
623313
606067
420182
579835
417214
 13588
 37756
508580
582077
445722
558535
822511
160442
517358
380042
612967
577373
511227
348980
595427
425818
652818
757275
521560
509263
565634
350512
 97574
759718
387386
131229
899383
509805
 67763
479218
927019
 81351
 33326
435599
663428
479049
510486
  2291
155843
544197
382334
285163
121570
409913
634143
716997
352083
286961
990625
389995
312576
 72611
740507
926503
832329
127893
 57732
731712
154050
641847
727282
 81070
723198
276961
 33021
386626
756010
543508
905269
911853
 87705
287603
713368
209275
213868
347512
442625
565951
150825
433250
955947
979754
 22213
696454
906257
854542
340700
480341
102606
494750
122188
346240
 92172
845386
623201
125194
748364
895563
668702
653633
323769
272759
457589
 37137
998386
671457
384649
957363
753761
 51827
906965
709708
 31581
929178
922514
937838
783720
779566
418179
402678
790669
540367
748919
882841
902105
888472
  8035
650469
784036
193089
820454
107805
982200
794395
144942
980587
465853
 45944
937950
735966
 97771
361268
445674
645704
290446
884540
 99894
 74167
180459
 34425
993197
971128
574792
742116
853969
993249
146941
378357
160070
930977
 87798
496876
555134
 69999
291272
700076
566938
273477
262372
 21240
  9443
876495
382508
971469
522199
672955
856009
622093
263474
552820
656518
256671
523948
747662
515140
894270
257263
662081
272627
417333
593058
876777
914210
664544
946776
205482
364620
513714
478959
143345
 51307
  4754
 19840
433815
976223
 58392
106770
348584
196837
370244
901405
369708
626916
425353
633722
658408
319623
890986
320489
108602
824671
429899
501732
738881
 94443
448508
460715
975415
478575
456026
118760
529882
460780
654953
963697
953355
713345
586820
301940
910182
957064
203345
279890
100332
628698
429965
758740
464674
320951
595581
 89628
145622
 25480
591360
400856
636275
556221
377923
611691
 34796
350302
246803
 81030
327434
901756
 44727
280790
131453
631547
582730
 41636
104964
786075
837878
721648
931125
267843
996741
395799
105146
592322
  1780
767121
134155
109492
684329
770430
665713
 62252
898473
700509
412554
145277
297891
256341
563385
342619
537131
694839
490518
119861
252827
111834
905936
607057
349835
353413
874901
346576
265565
496399
455250
267345
263520
589405
376837
947849
876188
558903
526454
774661
775764
455360
436290
 73656
711701
999676
416275
248832
694515
423145
368693
947342
 51332
790981
554399
401167
144395
945652
747743
409960
958404
719345
193657
221924
308751
 86846
686126
701291
645749
728932
475952
421514
184292
912243
495170
895994
911919
427797
661178
122786
367294
546224
 70128
418626
853557
140879
819793
997952
602884
 83888
924264
561288
803234
634273
299564
628337
721120
502042
329628
883221
230974
321932
304735
415267
234175
316257
827613
662446
260406
  5143
785232
627701
551367
371712
562679
404925
 28944
898825
919229
148180
499065
359846
709468
818651
994119
525384
446988
231591
 27427
292968
114813
258401
614901
935900
190020
365428
252158
533985
544227
 28916
539129
329459
656617
606848
217524
735649
 11773
762820
634474
447355
911000
649891
807201
136820
468543
801320
662204
915531
 32912
205983
724852
664077
980737
339753
599977
170757
221533
852135
221095
765760
397404
276576
611572
 54021
883424
345448
306022
895198
108268
456848
342553
 19268
106740
666106
672440
575283
467426
334644
  7166
 16690
540628
732018
680767
521365
588123
280745
208474
809657
649232
429569
 91769
 46636
706145
703341
617010
105922
565141
923032
  1120
673409
379881
860025
209029
  2973
526131
881469
578256
509909
732466
585422
526600
789446
833793
723719
310811
421916
  4464
 35637
747925
653697
981559
356047
216685
687704
575740
833695
793626
140882
273080
311098
330643
652961
687475
539673
172286
729958
937494
750542
239868
186312
852316
282820
975758
686109
  6539
802921
108026
527356
838559
372303
697405
820118
728350
914090
 24174
304091
747786
334153
444973
 20866
161603
775616
190179
849079
831641
362465
 95389
285488
629359
851609
988152
481675
134429
963911
167785
657321
766832
792163
184677
121743
164466
882082
941861
409169
796172
482388
713260
 60310
816541
674585
 81176
978144
966553
787707
343575
314547
150172
438965
116387
295883
290574
104539
777559
941356
 68450
945344
598677
351635
253859
299706
989730
418325
698140
931592
827494
 10664
930332
 57106
 70975
746873
248043
668503
241369
214597
972563
584945
 45496
639087
 23910
161883
934971
830836
266422
712530
288544
851225
174226
403573
202860
428085
703279
192590
846410
917771
640534
190257
928436
570866
763715
515763
834091
 11759
700618
 75461
742708
673181
176758
788204
312269
717020
950087
763592
547856
216509
476122
352753
 67734
650348
756326
786946
594785
459606
495889
957547
893729
652775
664156
822165
739994
427872
854280
574085
955983
554899
165898
698691
744432
342656
  3247
573053
576028
953334
336645
640237
686195
329119
992990
270282
495819
749316
573580
 90604
208922
 69469
 48152
619004
722245
712308
441169
462239
656532
811802
552676
612515
883053
718575
827558
627485
577583
830805
200539
153612
300491
537184
793849
503039
866304
303191
289673
878475
 52507
863253
969080
777782
449075
 17232
396786
687672
245892
354307
149911
902425
166109
218939
514940
 49162
453866
858851
676648
547802
689656
393539
217766
506500
447075
527967
  9539
829731
831158
299212
708207
883665
678817
677287
661447
127892
210871
 58233
815564
456763
928893
481827
359188
 95002
700767
390481
660517
670985
249332
853517
218787
455340
247056
436553
961840
210483
480872
487731
 40215
312030
303295
748422
195696
982113
942061
373495
110005
669284
948081
925570
126047
876974
923749
  1588
971976
140868
908421
148845
811854
157753
  2362
546993
129445
765770
499899
 91286
976254
980771
 95369
 16469
292802
398665
281243
  4850
380778
739656
378345
  7135
408940
326426
449057
 51339
203400
372807
 52927
691729
513675
961348
356926
841881
635453
359289
388875
764899
125059
888774
372537
617665
385897
984258
634134
678699
382923
431729
683549
280053
687737
578247
287189
 96677
421025
736246
148017
140778
625405
717296
348859
655433
194997
705785
497314
830450
 65074
402541
111701
706486
291315
   590
324151
677213
984849
474638
872264
367772
422719
 72166
164178
110457
650413
451367
723486
587790
703965
871503
728568
329371
105152
 77427
501156
300149
783213
998470
130599
364639
401012
758653
587477
208679
759243
427981
402244
260444
418971
274509
144569
358042
346675
308747
468499
513440
276466
191986
617582
980431
579841
346151
826154
684993
939930
327310
985142
239495
842133
632094
120487
243145
907099
707964
451824
182694
652297
370421
443139
587620
644930
104060
945663
507957
412807
414162
537749
689273
122500
155331
186056
218694
 17834
528563
420039
957765
855873
921534
197260
698006
 69980
317747
457503
977079
542064
425680
159773
194361
796101
119264
781982
957383
223324
243997
465340
152483
174511
519441
841756
297012
191124
544165
 32058
208959
 72728
452097
166724
444953
373631
363984
142960
443611
198084
116815
937042
740148
542495
613168
450861
854948
732432
749195
812331
472109
993192
794023
624592
167704
313464
982701
981068
504589
526866
529478
229900
115946
981575
396624
560899
871559
276960
220211
831522
991396
337027
768565
247896
395874
381733
215110
767175
630517
480657
579506
102626
473850
889882
243571
157906
719698
226272
655326
740639
269490
184804
970539
385436
682731
367163
946335
554290
160476
166547
902165
151872
 19926
670730
916121
932152
 52463
131231
699327
682980
611888
795186
301959
602090
685068
545530
276348
404766
771802
448026
145406
557644
149182
115945
943080
831914
999461
405767
902556
676289
 88666
804721
344513
108592
991803
260634
557097
 44266
391865
256424
243599
520106
 51610
 61910
122196
736678
607440
914897
657797
895594
362923
803203
969590
512106
435500
912670
860372
434961
318437
279280
627602
407104
 84002
972116
 32048
 75805
749102
589145
636424
657320
361922
396375
177426
413532
974637
815974
666563
 98429
730871
324360
510375
 93795
643915
479965
122253
 79415
392635
982625
 30729
227424
261905
658331
150880
862259
146799
182929
454417
895902
288426
607193
553222
650348
519920
247000
580233
494557
 62974
763148
109338
793846
603860
619713
403993
247775
 99678
 42598
843542
  8665
541575
390623
752441
319832
565307
903322
182092
712106
 86251
152861
124360
374677
276406
677582
541378
796326
924582
121611
807235
987557
884759
916573
297755
488619
 52638
218100
252746
668668
260698
 96288
677333
802273
486912
429774
638457
568571
849448
820549
280677
935699
489762
405038
826729
766168
598972
884459
562494
523555
  6070
886081
 27464
407181
802654
841571
412152
371644
 59671
664898
 40312
836721
277538
233997
155346
764450
180124
793803
849373
 29572
130705
130051
481624
136819
 51441
824705
902988
650413
709164
981834
690320
231586
867916
234136
638767
186922
 75707
 50919
558567
651730
232169
115231
  4803
509707
349229
160149
790510
529353
470305
639883
558925
117362
769934
556901
254181
821375
381606
673521
988141
 90770
655356
678461
838708
 39624
912598
477475
226546
504657
 44746
301465
156388
276915
416697
161191
786623
765926
837693
 93485
811631
824350
733368
886908
941712
503303
443810
712245
841030
825416
385767
345523
432539
557475
 23985
787599
597099
452935
781427
823645
957592
826173
641463
113980
619441
 58160
791524
922416
340438
145569
 15901
152069
969919
749269
 38977
427983
768924
482787
656580
126307
824556
558699
471830
773447
116174
 12167
561046
713273
465102
342473
 53271
939047
684999
694734
 53027
304440
269246
360903
743208
609684
506472
759109
761753
992743
 24730
800730
937078
310007
799870
593659
436314
140778
152358
424496
914225
784885
436664
991623
 14510
418118
334097
 67781
357165
535448
278867
926545
356240
548113
287448
 99448
157797
310273
374909
435902
819368
915991
236633
272799
225998
552855
866458
178664
693633
535168
603161
124210
836405
556177
115833
850916
974295
966282
918697
847813
501730
713917
774358
374322
262030
578158
473770
936180
404783
365031
372082
224152
281023
125067
496951
 23373
677922
879761
718390
887907
931281
321551
 12117
767687
394080
127951
618603
884727
610585
 53652
732540
112316
767569
506898
486638
545952
 85057
476761
482132
  6192
358144
370566
230344
155519
495634
243647
178893
689908
639760
897283
 94168
571042
735186
106285
855081
129266
750588
990036
 13993
361174
 43688
262886
989842
327610
769784
992832
873562
371193
985945
355694
377386
344090
242612
124082
499609
738246
884082
194854
944507
523842
608489
 38675
611236
343675
661312
982669
989293
928253
972705
519639
805779
 16394
782525
795621
344004
 68661
304805
733918
956207
290751
605964
333593
634841
848576
974027
650802
103175
374461
845657
 47682
414656
970498
602709
 25892
830526
264021
  8562
819819
708626
981267
855810
514405
514013
154687
826378
374369
739701
131184
108287
695908
421935
714251
545853
573128
562828
519880
740282
666003
410694
102291
230037
825350
 72790
832746
367594
903316
613119
376156
239487
321746
873776
611650
836151
904141
766337
178882
278511
506038
310066
903150
201946
248353
617402
264151
337833
696582
300384
 78115
878937
711078
180407
625326
536428
253197
974424
904022
672865
587543
796531
912352
425641
186659
524002
778145
 90800
806692
957027
885663
312730
267093
788814
 31029
 31798
922568
811532
369631
135502
111916
447746
530791
822994
144505
156117
359422
397702
130541
263445
 70567
234436
576328
499272
176430
762987
 23274
954575
853787
829966
427954
255803
659049
211399
560969
206430
243197
999889
 17962
612828
135391
129879
576926
666182
469225
721432
338651
828648
635486
985544
608445
706054
219980
184773
721678
396410
464112
744952
867337
834251
 91271
295291
 90054
266672
506690
167375
989454
749887
167264
  7416
879067
302655
653647
455994
485189
122873
693778
340192
467873
329264
325736
592670
551670
 62069
293795
273348
458479
757907
534653
325817
592158
625924
137460
198565
408948
644151
365940
398402
910390
 49557
922170
305810
352212
575818
278156
353754
215043
971934
210298
682916
301198
536035
791938
852869
598104
 85733
642569
572935
843640
177222
415104
952150
803146
552565
667067
728446
713068
549360
126848
623458
598917
 49019
929268
467481
141189
207424
337587
356232
695710
547886
555500
996909
600273
347438
366130
714729
949523
  8699
287664
309515
185922
219121
778017
505420
771686
445085
750219
484754
510797
877067
624564
109714
442438
 70185
577195
583627
277609
431135
456211
489672
979021
528063
486581
 95646
391853
369063
810375
341376
894114
614391
650891
596388
833512
945261
618161
121550
390346
368380
122656
417495
761799
747221
527209
204238
333758
620756
787865
611367
568243
760429
617391
547264
288492
620324
159262
680346
989387
969637
538074
399854
100381
705318
996242
450245
650579
130755
571796
557277
499135
210804
974772
777287
474377
 18333
981525
808135
155441
285742
935855
723685
 46171
553246
787301
851016
173571
946564
531362
679310
916201
585788
 79164
 16582
291106
591759
983180
941685
722514
554976
 15314
738002
282132
990086
515289
756510
  8419
 13166
 80997
680213
298908
 16852
403898
861432
 86451
191199
712448
260022
137763
760162
455684
 53965
345950
534849
586899
153409
642960
570079
 95094
881826
641407
626761
619828
439892
616847
651469
712754
141619
664635
793751
821832
479896
326956
225730
341328
929759
416929
570128
706133
 71045
330290
161817
641362
192592
213018
228261
346001
855978
314693
957448
737805
472452
584209
873985
912344
717408
525455
625098
859027
706442
935202
197211
186338
262158
422941
527666
708269
356223
 97794
414402
427268
944436
576219
 68630
137029
789238
813243
999382
645216
127936
473182
899373
116741
 57391
773359
 29085
774800
298814
170536
150179
521608
105738
347391
707947
884248
286684
751965
592517
642907
366112
  6919
586527
310548
 99490
655157
963929
888728
984753
479664
 50297
629041
952846
949670
745782
 10238
239381
291220
301390
 54547
461756
967921
576156
 83846
315312
800455
968094
601997
552420
 76963
761256
918532
600234
347784
745433
699724
519293
225714
588453
504046
705378
155102
133088
658225
621124
395222
184815
860506
686442
  2557
915053
148198
970478
  7561
232044
285791
808016
716490
404140
876789
309805
681748
795321
910039
 29532
 57106
609764
548826
282821
714569
569224
988199
386023
218664
162776
  7147
613887
347591
384005
300329
350148
815411
964880
320627
822972
196924
122770
147341
429767
 43262
 24130
739572
725010
819451
165964
754543
392910
775728
819721
675731
  6649
905297
180282
392672
123962
343059
399819
737849
207002
300177
 38178
557151
115588
  3058
394130
938560
716335
516900
602253
662454
 76514
626383
918378
801524
962187
 84342
 72419
355097
376422
892140
547180
383071
797438
727462
775743
437752
586873
691915
175601
793876
992092
213779
867379
107680
733190
261509
562592
965877
294761
164846
628331
371275
307581
546709
689151
269768
147404
761571
624865
523826
170063
688397
906898
483853
932212
198993
921605
519085
890908
 97206
829313
399352
827338
696692
 23384
 76880
474553
102329
 42757
769314
267175
671088
656941
 91108
734149
346093
360877
881553
107664
502094
405380
794079
190492
828630
277933
122704
 27623
199538
158141
918532
813097
987455
834236
156787
684147
857621
233667
158701
959950
276424
444367
743477
463864
101309
834585
714365
963754
711814
595919
587770
213909
517651
381849
920753
346281
659782
 43457
890256
375673
717950
808788
188770
705405
159377
345557
905905
 16998
 95576
580958
976948
372000
 25325
236777
352216
126634
 71362
 66581
606740
783177
178852
194510
513438
212855
576360
434191
559136
752494
994000
449393
128167
711950
774533
833289
933708
933910
695198
839613
467260
790774
420571
960560
679126
445896
197337
 31342
 88883
268700
 97924
695623
568229
793128
406486
 81667
  5984
982846
 32210
 81472
735340
 26210
 47217
379860
254512
821751
213149
188220
272013
424700
544185
255626
731826
964756
216186
410953
927005
413524
442295
532240
198576
 56571
744215
283157
366052
150701
881176
372036
133547
913386
453508
385240
455948
500726
765100
226812
838829
494601
415033
627194
435653
959218
882820
167480
440327
 99007
578433
367332
 28883
537080
899572
743811
110004
643787
 26968
476056
794489
424496
848092
444388
337882
301600
829628
310182
318678
111080
536994
157507
122034
468379
784702
557687
943950
183874
725167
384277
799233
819952
267961
828116
357033
683885
 88279
467037
327672
631599
943093
638513
 56095
791185
599254
910329
609137
945234
736863
927816
572667
273858
601675
694701
258589
386377
252388
202539
570252
493908
103168
885837
313860
371129
230306
670893
 55014
318585
654282
899039
950185
597375
 53904
522632
904912
653158
432962
 30402
598393
169825
958218
171060
960035
559893
382113
218625
462623
150853
937516
549227
644761
 40685
435064
474974
928166
665370
662219
499533
500308
316502
398572
450493
430229
452476
489477
335142
621987
922439
365544
736732
608617
840114
424144
 85004
916359
806257
303629
378982
473462
757498
444561
118224
314535
395978
109550
242701
577700
771769
742234
 78008
 88271
657158
 44853
518501
625987
534331
369995
247974
456770
251891
501058
581739
 92005
441554
666744
  8364
247811
486725
903699
237625
244223
864612
872201
 75110
260590
981751
317812
838291
753521
576398
916299
358144
749909
477505
392997
375896
 11836
762992
140222
984958
 14883
157632
566698
106888
599186
749794
631605
363349
236519
 51656
600974
997095
916268
473176
 72205
693211
971279
906369
531502
724800
999120
964153
599297
749029
441658
992294
641277
969846
755287
297851
954805
770170
455483
521503
393411
 54669
787649
541368
418018
 24168
593024
535344
537615
 25644
  8520
609821
718855
979800
 32542
766709
220952
 31662
247215
820249
297043
205225
328896
454672
175072
 84183
752523
129877
370705
208006
167732
280468
779027
955381
821836
197045
979549
931212
732390
 33517
473209
257262
643338
708416
753414
192232
991478
490719
740247
238693
827320
553642
960270
156216
  8315
135342
240399
760838
265219
127457
968845
949303
407925
747872
904684
746114
461270
400586
677326
710012
434103
666887
483626
593793
891656
237041
786025
883134
727760
526272
638179
555080
 79915
598449
227649
604582
733792
468048
365420
515363
595505
850617
464667
519783
114842
885703
265897
 92464
286289
459575
802476
236744
126463
286102
830537
 18119
 39495
132915
417605
283607
175539
 55784
355040
771806
654233
582689
376388
904377
567089
741809
419741
678947
108778
400760
198730
223620
286463
464627
832436
572753
440554
634912
325849
567017
437367
156387
101488
993214
289302
 35445
793174
981193
 91229
148214
753000
261815
247255
129388
166192
814344
387549
102285
  9643
496328
503045
208373
236300
789509
673000
 68737
878614
113555
220001
204463
196924
173720
877202
814765
166935
682856
850210
476461
664050
457792
624675
417050
719607
388282
546438
402151
718978
450340
504437
728622
946668
  7482
936995
699320
313343
126348
768057
708309
756255
504411
429125
469531
678131
306327
800648
361418
989184
167211
837879
653234
625003
978906
586636
860962
367188
133074
263113
602519
 99766
767550
331141
 46434
291385
784488
262107
121080
427188
546516
829390
699795
 50927
258515
685679
245411
 81194
486327
606829
 70378
653538
444709
239964
794893
939967
826600
655855
307156
476027
918969
426027
575793
202871
273520
138580
 10608
 58008
917039
131689
  1549
463555
477431
701344
 30835
735946
903375
276246
817140
389703
399427
403871
559593
360488
643835
354487
300456
986788
526694
123964
462815
445663
549991
554960
164887
823511
693540
175495
397871
610579
823536
915772
590487
300967
133469
621322
553265
 36844
897568
370406
426547
813347
290629
502493
173836
934464
373332
474292
921252
900026
598256
900419
862042
664599
455380
 26929
  4462
665272
718776
402333
792204
542313
318106
382691
843280
451575
520365
396546
  4771
934285
283304
431319
747632
573933
450164
921468
 24749
823496
912112
462354
723522
 26720
879125
585564
691319
850857
128845
695781
516130
847622
614467
824686
906287
448925
723729
265919
900500
244094
178817
421623
694731
462121
369294
442363
552406
819458
880184
 93508
642954
308648
555862
882829
335369
434987
468393
 26688
285845
113591
722470
318327
477565
853289
659365
383852
302214
383094
166123
719066
143540
344941
140689
838271
323414
509984
796986
875821
329442
193522
969329
488749
502171
 41543
371578
837540
992882
356323
380580
278727
469914
619402
113406
463831
472691
772771
364035
774905
672217
530159
493971
815757
875100
634661
170380
198514
660997
483719
590687
990439
677241
560016
995540
695764
117911
367118
 49656
110794
723442
430237
905873
709708
565991
 19280
689892
 38683
308403
 53927
329940
980621
584086
340264
312730
975538
491277
483111
690405
152274
966830
281092
659065
160423
357461
654606
372540
475372
 21724
422196
586166
261518
368785
492040
487579
934777
 27672
177471
489812
336075
231398
819752
833048
331837
160016
145779
823727
651293
628890
514132
319919
112072
795225
978985
788847
152686
633591
161387
144410
171667
 99936
730577
433186
468721
738969
437117
919850
766641
614588
409662
619068
362338
745767
452117
210527
422135
114248
 34255
589781
259490
548387
909700
371562
859964
888685
160409
529002
 38628
838149
673413
210296
938085
403990
159834
923158
659311
596951
843009
942304
727891
252671
561372
606581
514790
529841
817109
936926
644089
367716
526707
419931
432455
436407
791493
292420
841445
468255
821422
880073
822756
 11187
 90369
760841
415177
766555
683999
590840
879858
527008
533144
607749
296032
610869
214331
810822
140710
547792
264100
301152
431860
790807
721083
864315
743567
 28929
156735
585012
 13536
494510
465085
836292
505697
 71807
113485
437227
354714
797484
 28067
234573
840845
 77564
842322
653229
688433
573005
980403
345495
637149
244504
646647
 69009
551663
884083
449677
295230
429364
122764
396594
442900
617274
861680
795544
639324
449839
909029
592903
804553
222865
137322
555478
580062
214886
914153
749643
903319
  3510
730047
248815
640660
490903
411814
226021
558918
812249
675698
854149
241613
798463
250743
200865
932089
628775
996409
571413
594966
421790
680668
915872
161008
817991
471350
741070
549229
901855
  7066
968901
905366
253465
734068
546026
744368
145882
288399
819638
474484
964098
673787
716097
762561
440883
433315
694650
586010
429724
782416
697329
367867
463084
129553
528875
797427
600903
786297
346657
 19111
309715
315558
924477
563180
 49626
470503
823900
711860
758902
643539
186344
239352
833678
418794
518265
274561
852109
212916
376924
798185
511684
590605
682404
491120
720158
211279
288548
837413
513929
151557
856524
823644
467115
781001
386825
 33093
767856
727077
261305
 43111
370616
447650
282463
204295
382796
800729
995208
234905
529997
372132
549442
 41681
962737
231847
 49153
682895
959478
854053
520309
473407
  5610
893185
813404
989077
674187
716581
 22170
442043
443658
283476
485154
814275
247478
283970
 18570
630274
 84699
 13778
381531
131048
902263
930973
689081
381352
162820
738234
580600
638651
592288
617261
628410
114250
510446
441814
103328
184633
674747
125498
143029
634758
925326
144535
449033
172804
428505
983955
319430
 29556
514085
700961
160604
932700
631935
366037
314053
311107
620624
411005
466110
212912
 28266
 94521
327162
538712
536335
430490
239698
727435
 72341
382727
362193
514019
527262
327578
686824
472120
827885
  6254
501676
858322
223568
178633
791023
371855
 61022
621428
199314
681646
 32433
665425
894558
577051
759946
738073
115763
812633
684915
871813
540068
273608
254540
902261
787628
298155
746191
990804
770275
574076
513410
788303
432399
736978
483288
223422
625185
544311
361202
824500
225957
909987
489925
636868
487038
249871
891293
602801
 62504
576208
990967
118925
366169
245507
537538
153797
 60014
283730
660953
346641
374158
174363
651297
806557
427694
134585
546331
 52879
195248
907533
877379
421206
817520
883656
574426
820910
133527
465719
423712
712384
558279
414679
347661
924448
176538
885199
 78245
752905
685281
739198
 99546
 59440
429914
750843
382349
857608
401781
928681
910487
597029
352566
304219
534587
686439
187875
109013
507349
837755
574732
447413
550139
133012
378444
414152
 57460
554983
299351
652058
824240
500985
907608
923786
560425
337522
674630
942774
711482
 76411
387807
621970
189792
256726
442541
724380
943165
630416
833393
450514
468171
408126
414280
534662
 57490
792724
948814
631302
864059
764518
799712
688299
265503
707321
128438
342280
561195
803068
801406
789030
395831
189214
927352
101975
445940
369893
826355
905457
   309
659749
872323
468481
584227
286603
  3143
158069
595680
468310
789371
459739
232828
105436
664391
498331
812757
792829
356963
890304
112249
158369
679334
 24432
347583
606686
126407
309875
492931
952763
215332
493241
128864
 87656
478074
229443
890611
997569
387512
486291
465879
693235
462383
215059
798671
126774
229742
127780
919603
586705
534437
548204
745075
213771
572636
609010
336810
699043
435238
829741
168158
650570
839334
813374
254578
833760
 42817
661542
831330
946681
147833
813561
639917
610216
 28621
954940
253342
258363
599073
689297
361421
133510
237501
106496
347281
326489
231858
200443
541885
667096
546537
710043
834019
902223
 39770
 88597
735984
 82587
266491
 83666
545621
414325
897227
701890
540893
442200
656830
310588
216916
255903
999885
578337
389413
753739
201185
253047
 80228
949395
969842
138465
616492
 32731
364861
450511
934955
404631
 55460
670939
  3570
321952
754605
549191
252629
168184
251081
309874
126737
907912
620462
343653
680167
136700
438342
585933
890439
155879
355332
487019
105274
841526
141837
238118
874258
506698
204981
809213
911329
260442
996504
914899
 98746
267461
464091
867727
951997
715172
177601
 78734
139436
798064
938739
335956
451116
893433
921889
341555
 49312
793573
344926
670939
635099
486763
909057
509357
993461
114039
834922
421142
890833
831426
852394
505931
615239
316485
373658
567237
548009
 67611
645971
203798
382027
101063
539754
833143
994496
977995
174698
560161
771568
 35977
747452
406667
 39092
172861
432377
548906
803252
267299
970048
210437
 98726
822442
716368
230317
655279
606378
797554
203289
673990
959878
407087
 56017
 60941
463193
889161
571789
441188
580211
648302
212756
132540
395754
135775
171633
 84968
568152
720539
888220
835452
206939
 98658
450530
 29382
331378
680847
201013
937757
478402
920654
611747
954632
844093
184116
531925
307286
 73277
103714
748474
169841
268369
477582
302381
180475
613358
474014
265443
181510
710905
153664
533314
917845
768674
983844
463579
100052
664692
180944
554161
659446
101599
165908
614078
945692
866377
146003
252979
456006
766069
517805
625847
 34438
995388
444581
214914
125098
434947
996709
306608
145853
150373
839923
580050
435399
823767
559981
535452
  4811
740925
605965
180609
842524
771874
311039
304569
154603
973394
 73900
610609
739464
591705
752809
290254
103445
197390
 21520
228543
632337
 18230
535152
294542
684955
891427
390944
120355
231546
950925
172159
752710
208203
778124
933319
567079
 66350
244359
871648
737305
734105
945548
347915
473569
 53606
100724
280176
157051
814466
301696
385595
446803
836278
437099
257698
521234
844878
648642
157941
 76424
599568
846452
829134
324123
624576
278806
891202
207279
 39517
762851
944584
773622
224751
808851
763544
278357
425927
 43720
951761
240393
861768
337356
203549
214399
290807
461247
735633
135685
626241
409926
212109
742161
256378
557596
 66284
397306
836402
957487
120937
875919
236690
 65522
165893
461441
390725
929437
256151
816653
489509
207912
 57046
351278
 61620
776947
565677
868779
238194
817662
  4464
380788
743940
732925
122949
516670
806873
189234
913976
643275
146721
551266
 35546
899763
133140
201440
361204
523865
130877
133707
340518
620387
341619
913917
488017
403239
690864
570046
788370
929059
904060
792834
826199
648000
 42112
949148
681022
848985
138382
111350
492261
801455
662616
 44159
701218
795756
245599
578775
835974
892829
712482
176492
 29568
570454
 90409
517585
490045
297626
603983
278416
226685
508043
 71250
569236
672395
113362
518384
353417
962348
656767
981119
970961
974574
643736
531472
192145
955844
777072
770920
791818
186253
999754
484663
215821
570208
575072
733406
 60254
872698
853741
338670
615735
361784
926272
184971
550531
555987
219708
420300
 34687
392827
401419
522000
367401
561507
 53472
 75898
517352
830544
363170
309170
 16797
362925
793833
748970
449485
885258
482376
509739
274308
852469
364761
406396
214253
807386
107719
281136
363373
327427
701436
398060
720254
619208
920060
604008
180715
489884
679906
698067
320429
 43077
523590
853578
922354
833775
602549
371839
235385
601277
397931
509694
970099
762692
432442
184352
570078
540161
981841
449803
383941
199629
847863
620547
818837
284275
224555
515905
774160
420814
730324
610941
463891
770266
980871
386245
604042
 99772
274436
355779
217402
672367
381825
187501
435060
814267
888205
521490
870781
870046
971294
771074
586028
335509
391621
921217
136137
616177
437122
910297
553343
683799
 37590
533586
454065
534813
436183
574459
634586
710619
930239
368340
382987
312064
555841
334399
642684
960398
372241
 29817
346797
343535
800891
932825
195397
192512
854042
331534
325041
807517
758183
878384
  7668
795773
411970
461733
846938
848153
552545
481524
558773
482784
366216
458112
311200
922057
792511
470236
882456
164752
500053
745605
 24640
300944
678430
220037
493457
 48824
 67923
334850
372693
826106
213235
380361
138231
141557
358447
985169
506063
910992
983046
581188
910128
349262
 39300
737680
271320
348163
207917
670128
 29267
707970
932085
570259
525267
610515
306648
 18724
175691
374571
869926
 64737
200677
599513
961450
338908
741071
319897
324078
247134
747241
823476
344674
657369
172738
383974
395050
444058
248489
602967
630538
277756
827289
562623
848016
352556
689490
154664
887632
381534
529236
757559
446271
246265
873424
407721
101526
130847
243971
425604
894333
991212
249080
239007
164934
938170
622981
 76336
898581
871470
195655
529119
665579
 22944
608095
 29947
891853
813937
184611
779485
195471
230199
 53396
158094
992817
443173
 82168
 94343
574020
842491
 36299
468354
833703
801731
707361
514989
739901
330343
591325
638482
718165
786980
683954
900096
326277
292049
930043
734482
622338
631007
 30319
334162
861206
 83716
492256
370375
 43241
 90776
464718
617261
933267
501017
 85615
283323
302748
792977
798312
 42650
639672
905990
197484
874189
209322
881438
774286
535599
689839
704329
786433
312178
335336
816753
646340
712895
416821
654948
 83270
460062
745725
547989
 77323
678992
565358
162939
478667
384459
472268
276980
943461
111940
182970
140945
502481
908644
538736
276767
960596
228575
981097
747029
 57105
832785
563782
219797
545680
980603
874746
145303
440665
136823
209644
 34341
332167
291354
197280
810835
675813
185900
 87815
619274
814192
787137
276572
316673
695781
815308
593441
656377
 43883
 90890
403407
100989
440027
483541
320786
502060
464145
711884
647363
421162
848707
373359
455503
180875
664713
169135
991710
340527
355035
595877
476153
169227
383014
752725
  2253
595147
568033
112046
767877
611917
719288
687636
229258
159315
171177
 66396
661375
635322
778281
308738
572837
626988
682097
 28340
324215
863163
197476
315925
203690
552511
911802
679843
238091
811168
432569
240344
922668
   602
868742
690545
128871
588030
378181
874481
747345
 65710
940878
408721
217385
719159
233811
790222
862499
432261
818562
703067
295424
 16038
 18992
 15466
 84902
447147
211661
839345
774667
644230
 79689
697335
161185
464783
387880
806408
 52813
282413
680890
316510
348124
138120
725231
565509
373631
475395
872083
236130
424008
690645
455549
235784
223036
474542
767602
307938
438041
979263
147283
212708
139846
743324
426396
301031
208107
814276
623791
777272
613042
821033
 93782
477518
959153
335366
 43027
332784
810761
915110
 85267
751121
122107
540816
503257
345143
531710
270859
169433
969751
250122
316716
698812
389968
576392
125208
207351
300851
455836
347495
 78123
 68878
168528
171906
546396
127682
507272
105775
976818
834385
537237
 62085
101858
659345
119254
605115
  4488
650964
875974
690274
620716
126096
  6990
835880
 32417
 99735
961088
756120
400586
416924
103615
478710
  2155
272144
650616
548551
916178
674240
170679
892996
 24977
707916
471434
126835
367261
590688
731950
888102
241652
607924
578376
378720
250372
101718
214600
799141
717805
692040
555262
118392
625317
175229
113454
627472
447373
280422
692375
879903
954662
863054
289252
979639
 87323
760686
106474
970936
351374
838424
375390
109378
962700
470118
  4451
729424
571837
735403
528566
805994
427444
 83828
924386
 52761
259057
 37840
196585
222783
318262
405312
619038
789276
784719
908290
768915
872042
668976
391741
842978
536702
746517
218369
162433
225569
688487
166884
954994
776676
902287
483560
582671
329731
 83740
 23409
898844
859149
577602
611781
 81932
895864
 17094
700971
201493
318165
125613
486760
190207
794590
878502
549537
847644
141371
284258
 10077
366941
489098
176961
321935
782126
 79249
805495
881149
925332
405587
904559
340529
264736
482161
952310
346669
894377
485756
563992
612222
803921
689605
 98983
994128
   547
493837
 60018
848192
635208
344276
858269
  2149
833374
551583
840436
615501
630832
162283
496650
 72516
567870
917561
413045
832607
916074
365356
695628
326804
367464
775972
939026
171386
465577
 38009
681866
982477
 48198
741884
830669
683407
602513
205290
201908
952239
756873
 42345
 84092
904057
720980
 97095
976574
288851
 14656
389619
637810
447083
271327
849790
773887
638792
625762
229265
326530
607691
783627
  8396
590168
831825
266633
937189
515232
869146
658832
233493
337737
415705
275838
421830
836115
513170
518925
329041
318373
533581
718660
956183
497016
506340
805973
270903
661484
948087
 16521
988014
555779
800148
512762
662299
631973
779395
599489
663558
164893
258321
897051
 18983
190378
689241
440813
542845
202411
959738
871886
520785
  9671
106899
993320
506688
613239
315646
293943
274723
780085
310464
779089
335864
110612
291851
514516
258938
587599
114005
922496
268844
888678
819547
287827
595408
 25140
728640
654606
227551
688378
526492
264688
214402
633391
774361
721090
762982
 90007
 15033
554057
870092
325498
333146
722309
952462
141350
236825
211400
245301
867182
133896
514145
272212
469795
318325
383972
494935
 46965
 38578
238839
251696
 81423
503527
466098
714814
794240
703540
994149
400599
718573
548206
270692
560423
397705
509353
512886
 55407
262530
724286
300708
646064
858183
814853
434628
327978
133178
818600
339266
696496
373531
578105
948192
454954
597984
930642
686120
392225
634182
680269
792824
869107
744828
579868
429531
142533
605573
942417
197940
868103
666703
498648
 30519
 41238
829853
465147
885569
479384
800100
224835
175880
689983
802940
640424
144937
917276
 87418
831057
309501
721600
 27679
102326
107059
772507
198546
536590
431392
804120
479007
629332
672223
662063
644332
219095
703301
990537
684242
588870
469921
   694
330057
645801
690677
132997
286225
351966
 50274
889995
699376
876127
127947
727055
494805
235007
 15914
693352
771597
447306
497472
766957
592990
686047
429020
237322
905142
648673
744211
105737
753896
214133
622783
 83953
859934
313461
733303
662512
665427
299929
552507
364803
176056
680455
608210
670862
431814
624124
364214
203411
 71430
378038
486720
664420
 64085
915740
418094
485580
 80766
162306
107669
834662
892791
730452
918615
752725
560265
168270
931589
225693
468199
   449
106848
160608
197256
231411
831470
629070
855535
712036
348833
443318
606426
835554
624090
186863
267646
558537
672443
348412
720843
780112
183074
613634
 26917
618042
882711
587182
786312
330653
329227
770864
331102
952428
931472
 44710
183839
762942
673780
555726
991330
 22613
999044
597756
374519
623135
784619
642166
181672
973415
990578
418867
269879
690005
548853
296796
824399
947916
883979
610711
278569
213206
381575
126023
165634
313047
170733
349473
592341
360865
905200
100023
899831
420596
697779
274350
 43731
998751
916516
741755
972166
423447
160622
242045
629804
225827
538842
454203
173744
939173
 64914
968665
152379
962842
 94689
834366
792241
781774
700191
900935
142640
121743
   958
558823
542340
698738
833173
102423
213841
266042
844179
702359
689489
521153
944404
319293
263333
999598
773496
437077
455123
354762
922094
607503
833956
 16783
958221
626198
798558
658412
527133
457550
780156
528091
 16373
838848
743181
365898
941271
473374
631940
301802
175733
837781
822956
636490
673426
602641
636088
963274
556070
 91212
318037
478164
215067
668345
494948
173288
810895
809858
348052
338028
267408
128208
382472
800133
967056
642005
166031
424680
115380
797972
726482
807465
152105
 65790
443955
825532
668431
596396
788806
224501
203960
623195
702666
935379
291541
713966
108667
102436
523824
973071
956817
307584
101280
855641
107717
584688
497646
790100
  9368
129378
104424
252203
936844
256530
317993
380799
 82062
502777
493547
870868
727278
697507
494064
946296
632886
301957
660262
257905
404393
184086
230977
877562
  8022
848609
733203
632091
949649
230850
422192
475370
876580
526616
727573
813424
783146
561918
710576
381560
 64695
204123
252429
791974
901631
262845
738270
 50869
564802
914885
308775
485547
 98971
539752
363110
623346
904713
 96313
255437
854362
843515
193981
329732
720096
720598
573657
533520
 20096
135576
760448
401657
200271
964572
170438
992245
382555
433283
246868
433424
514437
161753
742199
516336
777076
798303
879446
400422
703016
492112
172212
 73731
335627
366193
403463
572075
 86791
977121
105596
623240
112697
382396
 24897
312968
346968
195335
821566
245875
144970
584786
679300
175759
746539
937851
692095
 39967
252507
 87894
956742
955523
 96358
128954
 29254
948337
495147
949070
520413
 98291
442543
142361
721531
 71592
524757
262780
900912
388078
974467
722478
633953
635789
823616
313253
811548
 86507
767457
 19995
126475
 19964
624241
 83217
975487
720599
212171
521094
185289
223670
986516
705702
321961
429059
848063
 43492
500651
889172
822624
401563
277250
797091
640394
911204
432880
464010
740809
244428
550518
508266
780776
193345
528230
405017
276562
 20070
641969
  5085
 57516
827258
228755
560384
532960
550717
989443
897375
110561
  6446
302899
933186
924361
580150
246629
 81107
  7706
679510
 61470
264867
440290
128340
289486
221066
321685
334068
142436
598247
354138
784405
119684
928006
611663
348439
488390
660975
415508
994185
 74702
526070
516983
377601
975608
957697
474103
222237
 38804
998161
418099
100274
263029
374742
228614
552515
112160
 66651
886583
254596
664898
757074
555353
300934
201432
167016
649374
689823
344343
 64882
200360
419045
107304
717344
312999
 82912
675041
303454
821502
230197
301616
755953
846824
 80997
130695
 75438
149864
242856
658442
552799
 13804
323340
309873
569158
140627
 27658
252526
790001
233833
596870
371235
434193
532267
478540
667889
845266
 77804
859282
148721
415658
 89480
966689
171612
936304
 47686
818659
528094
197550
577867
186536
750349
591672
 26229
576575
160830
166856
120585
413356
473209
354418
526578
844444
788611
 58846
322984
972853
420464
917141
832135
 85537
332799
921615
568578
 20763
374271
616264
839423
902366
330166
417290
605254
596868
  8962
147835
689795
686144
314691
810380
615853
304252
164798
142431
148697
469761
717629
988033
442614
654446
905174
274750
739983
237974
712717
308562
775089
 86989
441178
614512
505707
287697
548155
627313
884565
 73469
775149
574360
275966
606192
384740
891819
910445
 65890
 34250
 59142
535651
268232
 47175
978266
922678
952350
253016
179013
706676
965733
  3927
998117
569074
445106
612630
 74781
249155
677137
218447
133720
266958
993596
224432
542924
599788
609172
434743
510233
191414
985346
 85727
727065
769930
132903
221683
692608
601605
991051
871621
824633
956785
391901
822750
 42211
353359
951732
633345
602514
145221
851792
736234
412180
845388
960666
471456
961528
 86190
422552
471762
277604
407898
 73841
521021
177828
206744
742705
386788
324701
733756
774761
665686
206893
166662
488437
765457
520021
956521
398802
122535
101743
250594
858769
 30275
612334
335787
501731
573862
938329
924283
561976
732285
848533
635818
253307
542713
358914
512364
929501
683616
246120
704263
349302
969366
870925
354091
734823
390947
826965
649977
513482
928708
900571
888604
475335
 29257
224391
977066
603119
162721
417702
165096
895006
266235
317266
664665
808949
676180
177029
738450
876148
939502
959065
741803
425220
829991
 95894
676395
737290
439211
326372
767124
367919
226943
655728
359606
772552
396472
336673
375671
 75545
270727
 57119
486903
536962
374385
151569
862263
566918
844950
117066
443066
300804
 76131
184869
726024
422474
797116
402419
159764
236327
728791
926889
120599
472086
 98969
480205
244638
495441
333230
136662
570986
603957
193781
 57890
657272
 84519
725811
519535
651437
570761
636601
610855
871566
229085
795725
113942
651559
109193
516362
327676
345520
761505
770917
466119
749944
869886
462677
994582
365328
312259
647596
452666
916217
357730
 26908
 89841
442249
752719
125728
610038
839833
278682
220893
227751
507767
532970
341693
675678
642163
374407
519706
987684
652265
290623
970155
402209
160510
949184
913143
 42190
261444
560740
 11208
694013
918470
 38117
783854
360719
307188
425934
487109
147021
704616
224354
374772
212383
757325
232818
404414
399488
607225
924120
903524
775842
731096
390032
178051
407958
339216
 91195
966500
117012
651935
977708
327377
 86757
532177
627583
963828
839366
 53518
450937
502739
758134
675291
877512
486870
948968
626682
891284
348457
750259
331756
768333
526102
579204
158365
704153
987162
 13934
311700
953662
647298
479987
447723
974676
566744
979900
602259
 46924
819266
655777
497861
322006
930264
689505
715870
417134
638473
858904
824770
503282
609163
672878
787968
135265
252083
462685
355771
239245
476619
667471
709260
640270
147459
156983
614946
230555
136883
733557
277480
472502
905687
291693
310860
835951
497550
543082
253085
136024
401986
594207
155658
 11149
267085
943626
662767
519168
406312
 18538
274766
399283
686009
984026
 39553
349820
141009
170851
 96728
794244
420761
374208
783098
326448
182253
610310
162399
679804
153392
931836
332180
 71730
526043
487838
 82880
309480
947817
261999
828649
354129
280537
619767
269764
482898
603793
825670
349071
261154
996521
445799
 55398
933634
336359
354849
260082
518612
965159
938833
198416
634904
870669
530596
706634
913064
534787
305866
738897
482604
567865
567546
353085
364754
703665
622849
847653
307458
964871
713076
568612
477745
675227
140362
411379
 11586
 11563
671462
 46550
976723
610295
761319
611627
997317
808267
834613
426733
343054
140480
165630
342010
224697
249528
695095
589452
953193
834297
953457
260651
799168
666533
345615
276913
341760
485978
688293
869698
497541
876107
916248
990616
486402
677567
118595
    71
485835
953209
426805
345241
 93689
592435
687252
834738
841964
382347
424190
795157
732996
377647
572161
 48517
560532
917776
325430
902292
920106
530075
288342
934000
406182
204591
924616
408937
398510
 43212
409008
884345
512773
835813
745939
122814
944601
433191
957552
786565
331890
381743
 98074
 64887
275742
670235
113404
836275
588012
955186
254919
508118
485262
543262
958470
407796
264205
883087
333085
662715
442651
742094
 63413
471776
 94259
809352
594590
 38860
242543
552142
341777
 90785
450237
439852
155672
725980
110087
785428
 78607
214451
740615
333526
238922
742229
393140
197392
666377
173697
596831
999463
836413
 39482
741557
416178
 27610
352168
741882
622200
907381
500777
690695
249158
591562
140932
205362
747235
866912
831802
 49015
945519
 46253
305982
795398
285175
 48211
704890
998920
230941
878588
595751
230404
231353
151586
488313
647531
179196
840481
389413
801397
264214
890190
492092
 29725
481752
149376
235087
745339
 16289
 66889
310707
478160
629495
616689
789910
431022
181253
494801
429942
412194
373389
 25694
642598
604742
693632
130911
768625
872828
487744
158038
190577
268311
564580
199021
298036
562684
348398
533123
824376
881039
116365
135083
875551
262212
751772
665462
693234
449377
676615
123177
861571
 50004
665223
 20521
171098
875207
667784
939723
264387
155529
614113
454965
940192
695045
170338
238228
257729
 35088
287703
 82105
432479
920420
733540
824383
182632
  1665
489845
875867
451042
682812
515396
312614
249168
696971
333135
420266
572178
517272
876341
836565
672801
490454
807882
129345
701851
494573
367573
959580
529661
171628
558038
478493
 92049
291578
302876
274681
809595
309073
666900
260638
991885
182296
 89604
241053
395619
939091
177671
967797
456363
 54012
320715
645516
 60818
128597
291213
762669
623170
658786
238601
669184
830415
796639
147677
438816
604570
966905
713497
930517
275978
896750
707507
267863
595398
313463
 25268
991018
252555
202939
475167
225270
773303
795882
387139
350473
440832
678352
113142
580354
853491
868095
249538
200258
664735
913567
639074
785657
396824
868923
716174
672802
765673
423682
457017
361072
737145
482285
868442
506052
201576
343609
247675
974879
139492
151166
841704
580324
345870
471198
160678
199361
339294
926569
915971
520381
356488
555045
822390
753313
940321
538564
426115
705994
478598
399485
583418
732096
881770
451860
754500
599699
795470
518527
 90930
451314
669693
932635
 31638
 15564
403833
708668
731277
743127
151589
647249
779860
508078
718646
602250
777743
658967
657167
720210
881314
135765
119695
464732
384213
517818
432945
655066
117517
228415
173593
208447
679729
359639
657434
227719
375203
577620
452739
622832
837099
604329
270081
616960
628759
505080
219210
922854
164047
876377
643064
 45361
528495
762760
510094
429060
796930
943039
 84126
914447
687806
774072
639246
883887
133711
813033
627958
 25266
390653
 80697
648098
227752
201378
434532
844712
346489
939612
580275
785695
620011
973004
428760
665373
501499
707872
691819
446912
504802
151210
 47390
935601
839016
821462
574847
239255
471525
904232
867213
496791
294885
464262
661242
522638
181993
612126
883702
 44834
551738
463977
830530
171749
436982
775642
353474
454833
483514
 45293
418097
988316
196503
465488
923917
551871
286950
 15116
791126
758476
919349
174691
771619
730586
155306
432861
253224
853651
 44987
653279
414837
113077
117256
245367
801179
 70590
 21009
154653
 41776
 20875
716299
459873
  9191
912802
925361
449460
981026
728664
980929
772152
487140
416630
463196
775111
147216
134854
207973
916793
988505
769312
570072
919694
398742
203680
165062
716273
274271
702423
870926
832399
239651
103577
292272
765194
 16380
217634
214655
997406
946298
711936
285910
949790
128566
265458
724901
792134
916664
449226
708927
905169
734891
795351
824864
649985
999032
506278
366258
789655
725053
753536
622054
964704
857114
914326
729899
389846
648312
460906
903604
110962
689194
705866
 60752
334112
971325
302006
126246
887989
267584
351526
309511
  2475
146877
650727
652460
662261
673357
535070
451916
914762
288607
 73970
395819
145721
504649
642070
 51919
152961
619328
955523
263924
308522
661389
841028
158986
149066
143034
285232
553408
410619
153110
379271
929446
816340
546350
 98259
478601
219707
633329
930518
650821
921936
  4488
 46640
584009
 25489
688710
635928
178451
824390
107803
958727
132912
769193
799755
808250
434611
942790
 93483
988019
869761
762945
367290
799207
579285
913640
413818
 57887
649699
 47148
988405
300521
485436
509245
863513
585798
534735
552224
738078
229538
376614
845882
188265
 25879
131427
504372
834129
566038
963514
443964
554058
833275
723262
437700
148835
302547
867693
562653
360434
517392
126153
865191
334265
127942
890789
197779
713740
941876
266355
451818
687766
159321
297700
392383
701552
429127
896755
535682
995166
860270
495998
 65576
209897
219260
 19628
875084
 38160
887321
954090
914946
921066
 80243
296490
771683
724537
187279
969462
438277
645507
752169
890096
333273
911491
704148
725656
613043
133276
138763
665077
644794
515385
677428
226722
725283
413040
246350
116719
451200
650024
 70809
366147
 87442
667405
662637
859125
391942
366268
344940
830220
 11775
 97109
236668
861400
524952
940816
103408
654348
590444
242171
835777
235238
757557
513205
978312
999192
926246
224663
115911
893798
391039
703073
776297
478481
370478
438934
853958
278772
321554
715250
625344
849681
328712
378364
711081
853664
319181
814489
 24364
909625
573013
860142
661216
330570
889699
639528
846114
332297
380543
962025
226096
287934
181450
  2393
282767
 68280
957680
653078
347053
795586
368328
488749
645268
697040
867114
356349
 67057
702647
687191
 91421
128624
260204
467915
306192
107126
357615
462073
953240
689912
842616
431617
432360
646903
613068
434754
929670
681348
908786
582748
544753
704372
467429
 33503
865992
164469
416969
738694
231526
119616
425885
839300
248240
202441
307215
554433
309567
664830
 16506
262807
871095
375474
694424
303455
 22377
307492
254561
468400
505193
163347
567500
 49946
384072
551281
 83449
766416
715751
500418
505110
463629
136386
447347
819281
384627
649788
126497
455412
959355
307679
988270
738514
178774
880096
949291
482230
902474
773135
253143
887226
278328
932843
971078
844627
316915
522360
928076
599683
754463
944847
104794
734444
 81233
552141
553726
982212
718282
680223
953976
677637
504254
942246
932504
683029
822343
398147
681611
241169
171282
934754
644747
965963
867597
132177
810590
700864
654537
255018
300548
925352
716217
921694
659797
313803
473835
729875
812367
192117
926450
766344
386107
430704
224942
834963
113733
563637
233110
311696
804806
920744
246451
965905
403059
630400
 98083
730001
847617
268972
501372
664517
194325
217589
102563
370474
 47744
576398
100349
860112
284868
 26799
142808
187327
973855
367750
538642
 87589
931388
288104
915637
252546
725200
678440
218452
128260
825193
832887
374613
672810
101859
875985
853679
812536
609927
956242
183010
657671
 48992
799711
 34135
850212
342862
176943
553891
316718
544694
 92533
920659
992434
896989
836296
244980
622190
514737
979784
266802
339930
812671
157767
529092
914531
 33753
382771
243419
160032
855365
942782
334055
904357
742493
368191
754570
601708
545134
308461
918426
606180
917347
839085
598614
814336
191733
359947
952878
706470
339731
219680
562752
152403
377448
 91844
583286
927553
990967
826705
 87585
846332
769487
937992
267042
 28333
306183
 21612
630041
367670
846425
548467
490202
763772
903904
605169
 94461
611989
965116
 47339
318460
304847
783372
397564
457250
677172
  5761
556888
604725
513080
383594
208662
359413
669433
146654
626455
697766
969190
164419
327807
853212
527196
392626
343414
807321
812882
948583
901782
424872
430051
465473
259684
734899
765197
173600
708501
442369
179361
265390
 47094
692442
165336
772108
568207
834769
918763
711014
532536
404305
391785
376695
257517
918981
285674
600931
726302
 98556
 65867
144436
 39780
495918
126262
299464
747169
891459
473065
455671
333829
168778
237413
897275
377572
402749
669384
945779
753870
104499
173145
286406
508804
564930
179454
282673
483912
465128
399956
726566
 80036
465823
871003
119817
478094
997265
935633
225263
888724
925050
197286
222553
 93829
951051
636181
987753
870152
305565
933533
624023
926416
106678
426781
951572
671609
122587
234245
671873
587715
634201
398439
184104
616377
269442
303921
610823
783059
755906
836086
671784
680957
549725
410689
291138
 17128
 46870
795243
887281
868787
728776
 27656
795203
351807
454437
746775
539768
 93377
497372
211641
681092
131574
126432
381548
264303
912227
685469
875126
695286
957728
227564
883422
155037
777289
810464
962527
310770
373686
757770
198051
758826
  2899
225707
554029
354706
196496
817157
410826
806225
314529
138819
487318
962455
265251
385218
226758
177478
587040
618236
389117
544768
845801
788891
699805
139442
599355
178684
450212
489394
936454
164615
248220
939353
906674
318601
810411
619523
135758
221237
425748
966640
360056
429418
445447
625308
814637
188558
319138
401677
806794
708255
462797
652595
497147
162602
308390
612854
341286
758602
102248
794092
923218
866820
733446
346244
185422
543857
965767
837532
765095
391516
804172
125151
337286
765972
266811
151923
954530
585950
 69952
761324
810557
532749
930272
824056
695351
238662
953263
552989
997264
 55511
863434
436834
438684
596880
783079
624106
657089
265198
461638
938536
173066
782163
580040
510353
548135
846851
178628
 19017
949153
248581
780341
276063
781330
710613
100119
993034
949275
569734
 62375
462892
141598
925809
416078
580282
 39041
715509
204388
696131
980708
182378
151019
670126
964541
731059
180479
 29028
 94263
359108
 48045
559768
607689
344739
835831
905371
571704
452303
898405
 37332
 22037
960781
 16576
163635
402942
432654
743917
441984
664516
464657
654467
645224
647036
805486
315350
127929
536546
 12182
156958
147161
887642
721355
706929
495331
582446
542761
917054
154151
995064
815460
191483
533453
292593
208059
697089
695535
157065
957358
137519
821581
422016
791986
983157
 69052
597473
814860
196981
650371
827042
870291
797532
714684
591647
504461
726367
174093
563574
643421
844596
558638
975233
 36079
608444
267826
760490
305533
479714
917556
779243
617233
255489
201259
925572
238647
786663
523045
 53507
983645
689768
396901
370288
487300
627937
478287
508113
354304
168733
 71688
514077
 13329
146678
  5663
565761
755122
789841
842603
577007
269555
276511
356251
886789
532001
 73862
328713
770648
860526
368110
340507
360523
 57878
737408
730811
 61530
365345
725451
 85995
236001
894184
157683
266430
423865
820714
272093
989626
 92188
 61935
832230
185548
847842
108741
 58151
250983
157094
132013
579696
927742
508891
947806
268249
869414
  5684
522009
116578
583566
887354
842029
669562
639707
252565
343597
906138
676430
680663
694583
666057
772852
272870
 14639
474752
120713
639732
532903
371696
796827
181268
951393
240921
690160
415551
 25523
 75926
937588
 63884
708856
521154
951239
550885
190716
107298
319802
 50666
 13436
996233
731329
708020
178642
 20533
980890
709633
495285
617955
865717
 28188
989652
662544
209457
457397
419818
415969
872948
961693
491895
810536
 25577
200752
848043
493168
267989
555111
600467
587792
605777
613903
100377
853459
838275
795371
873992
335518
505004
369278
953473
370721
397466
943125
549618
123275
916874
485788
539244
306175
447481
547492
633063
473058
264596
481106
966227
532585
 36218
 83046
636729
158347
696949
253458
 11806
 51577
 48829
402151
387095
553833
771429
340568
440907
685247
800046
990525
324875
716920
476313
380471
 23095
923794
927963
656159
913204
192559
137265
395783
241497
689835
478829
394578
364535
692131
164389
892693
743708
213218
294844
130803
283404
582625
987723
724311
784225
787769
714836
109100
504690
707501
489571
527785
147647
933887
700296
 60851
642798
353914
972987
884295
 43749
968168
795226
924636
660299
959615
333682
920359
172833
628526
567514
456237
727504
 71590
696900
511729
859359
411736
137181
364049
635589
143104
408187
783236
 76991
624835
360440
719790
978749
849779
120437
538851
817947
915663
463487
994599
391630
797169
431310
 80816
942048
515177
 53405
185904
586767
750306
697633
446126
678394
351166
326528
313984
494270
734715
613572
571262
359550
974012
291052
854652
340143
411489
393503
158091
843505
373342
152690
751487
686864
100352
832303
628912
615529
885709
814816
202296
636015
 28801
648423
830761
379967
974951
661097
874237
226018
274670
961851
101920
765034
252903
956572
105178
180745
866427
263269
540602
239770
932311
292089
926634
 32663
124393
 71898
648193
526454
886714
366841
162469
431867
 15264
509582
811834
506567
170680
202423
732585
445350
164275
350858
210384
933530
307430
831914
114275
690210
 95183
171229
929980
543846
463319
856614
 92862
104064
444864
257407
630518
331578
624248
309339
763445
639513
818921
 91631
662432
989601
294054
395018
951303
974681
745876
678040
908212
569658
509954
 22487
259868
121490
710069
706200
665336
173388
 79166
758198
793804
524030
531957
424322
855608
156206
250013
135405
312071
 68934
743388
974503
574888
553795
369521
 42543
528476
631749
720583
436688
717760
746890
975528
493980
868380
685597
200181
 50068
858985
279347
324619
652789
803378
856576
593463
175338
 12782
843476
827096
841205
428762
 86836
815709
520002
640631
701582
562546
169108
333332
799481
605796
567444
546371
581324
 61424
931103
783273
261605
981172
642258
 57305
822143
811399
377035
678719
921214
 68725
207854
281042
895821
 49059
709805
499010
864768
229807
139641
566351
308705
308749
416035
108187
430898
983479
170910
528574
561255
102014
311848
822861
599538
470458
396518
421681
798210
773553
100400
719424
842278
824606
516819
254452
873666
226624
269814
254786
972783
409455
821137
797841
234557
753524
422380
665455
253355
593290
710381
814611
211656
 22229
153824
811194
  9040
550342
232875
807250
840247
849628
 43026
198877
190586
559845
969681
