817
46
246
924
624
118
384
315
651
266
818
954
12
857
944
100
639
470
635
742
552
379
877
344
303
860
4
933
744
750
684
561
797
930
837
773
401
221
89
52
839
259
6
203
116
950
303
755
772
291
497
325
670
727
21
974
939
25
259
683
776
943
597
925
226
786
50
627
360
139
679
551
750
38
755
867
988
410
974
113
701
472
790
372
551
811
698
490
837
957
525
965
252
122
242
478
909
292
457
621
432
137
172
534
175
927
401
515
338
376
980
39
200
770
763
103
582
461
593
419
770
118
736
23
593
978
853
854
270
311
475
54
800
647
589
327
927
342
194
617
70
175
656
270
945
772
373
527
585
318
298
356
789
34
731
734
12
936
588
635
247
415
689
47
414
630
374
341
973
921
958
43
96
967
666
41
91
391
921
676
710
219
384
499
254
115
233
618
52
173
253
651
940
295
51
354
925
777
48
898
698
358
294
794
677
960
188
768
351
109
797
413
328
181
264
934
297
849
905
701
22
158
704
314
805
755
21
731
533
69
981
231
779
627
378
457
587
566
577
291
675
374
56
355
556
321
642
205
170
547
258
193
57
962
859
863
718
880
946
603
949
279
186
81
907
564
890
846
130
467
489
157
842
546
865
750
867
507
955
37
406
565
582
463
527
442
678
597
322
976
552
624
256
739
57
163
655
947
361
138
414
851
295
608
397
160
358
616
19
665
653
425
582
588
889
110
382
919
59
56
896
612
680
504
703
737
19
358
36
380
496
451
583
144
411
980
656
122
948
676
787
954
101
370
542
342
832
924
614
243
980
862
207
13
366
262
102
385
621
139
117
469
942
701
965
353
33
622
475
982
298
615
936
751
337
830
446
521
106
60
116
438
922
324
451
640
586
906
25
559
397
494
381
339
195
346
44
229
320
872
563
970
839
851
722
528
681
520
49
139
580
517
577
854
841
381
494
780
287
871
339
36
365
72
727
913
419
771
494
739
995
57
710
834
908
784
714
941
304
115
80
236
633
9
90
826
390
936
606
29
159
298
65
524
370
792
789
141
564
283
233
911
340
295
98
600
431
812
893
735
928
325
323
913
335
765
739
77
701
346
107
860
996
172
736
718
965
526
860
881
809
445
792
502
740
242
454
171
407
348
258
335
25
581
600
712
698
339
790
399
37
897
611
33
69
699
752
386
225
964
267
387
409
412
241
501
6
47
24
413
747
634
100
773
567
700
485
265
40
275
16
77
524
627
463
946
326
567
332
904
531
600
643
292
364
236
145
370
283
169
784
31
155
884
156
722
937
993
987
977
269
3
406
145
982
869
91
660
436
424
916
319
376
559
963
92
147
108
462
783
629
598
814
784
835
322
858
772
315
197
101
936
552
507
82
534
729
173
547
517
949
463
837
325
375
800
417
522
261
232
305
242
182
471
379
369
793
237
141
461
787
594
397
339
102
831
226
183
357
773
700
306
588
889
984
963
42
753
838
303
337
495
897
520
967
276
889
112
866
383
573
653
977
323
344
431
154
570
966
511
695
667
170
636
556
154
599
598
907
789
253
245
285
151
117
252
427
358
716
293
741
642
298
71
965
643
854
471
565
173
335
613
840
505
249
748
11
848
699
270
990
952
515
275
455
984
879
883
343
595
528
436
237
179
859
554
822
66
378
739
239
713
352
431
570
601
179
581
802
878
203
792
183
719
67
638
55
946
873
398
893
754
187
483
933
46
389
107
464
767
846
703
832
551
134
402
152
666
335
954
896
539
98
79
610
517
70
17
463
943
768
709
697
955
192
982
353
581
441
818
701
640
873
533
191
8
288
343
674
975
650
570
866
100
2
828
618
72
846
81
367
614
142
417
921
334
399
274
268
193
444
969
833
318
854
24
326
142
719
352
470
721
274
336
822
628
165
440
700
363
873
68
977
16
485
898
702
236
524
322
429
969
643
614
287
498
638
965
992
710
317
462
431
943
151
253
572
668
693
624
31
567
692
360
935
529
610
637
118
134
960
899
103
603
514
390
453
504
355
798
214
24
612
646
968
763
251
892
783
297
516
814
216
561
526
151
442
136
788
560
271
100
812
726
56
678
117
509
182
824
659
749
201
272
747
169
35
998
413
171
295
929
985
511
490
864
14
933
0
803
845
623
255
9
350
663
687
819
525
222
995
184
971
196
456
718
717
844
716
130
15
364
60
352
227
902
216
242
187
217
397
385
840
652
394
542
316
82
361
193
304
357
377
275
553
834
345
271
678
61
753
45
777
165
397
5
68
614
247
255
183
644
640
23
648
387
566
316
821
279
509
125
636
887
752
542
73
97
813
751
510
918
148
288
84
545
645
152
159
892
759
342
888
752
718
536
139
636
853
960
267
362
437
904
601
541
446
674
990
611
777
852
529
925
492
613
471
137
117
982
381
877
325
269
981
395
806
120
383
659
432
650
373
221
906
975
762
352
649
104
315
427
956
197
352
449
162
175
938
280
158
320
509
483
589
490
230
395
962
613
406
746
615
132
967
522
107
729
874
108
833
542
887
141
739
592
590
901
767
529
533
925
201
42
408
790
532
990
538
846
955
296
592
571
428
559
93
887
640
319
348
825
861
235
967
952
827
909
206
595
790
739
520
991
782
281
782
666
623
672
513
579
968
457
150
749
17
595
636
9
266
336
187
480
572
154
432
751
415
638
346
206
378
219
549
512
852
683
178
475
355
43
54
676
853
556
425
222
151
413
231
418
750
418
898
674
924
682
777
340
321
124
898
51
695
799
915
547
483
445
374
190
489
429
218
694
985
643
916
489
409
147
259
511
918
509
185
842
191
314
534
864
438
784
267
485
584
182
384
419
628
759
961
469
540
180
163
525
175
79
366
584
578
625
95
496
134
632
691
678
947
577
542
737
714
810
575
650
344
959
69
972
718
382
793
610
562
956
136
738
387
854
674
966
832
122
814
318
754
857
996
53
787
891
143
501
701
718
151
397
29
572
370
100
954
163
710
517
472
198
607
859
53
633
177
237
755
344
555
862
553
552
915
340
795
410
841
848
480
992
245
510
564
615
610
519
131
672
388
955
871
347
166
276
980
344
513
88
40
68
950
593
972
217
934
767
628
127
967
108
120
213
970
36
180
932
907
663
605
647
618
476
994
785
104
327
481
617
415
521
37
717
466
10
934
400
129
914
528
97
23
0
662
345
36
842
278
296
506
883
943
476
711
290
261
815
617
742
432
384
615
469
453
82
831
387
834
313
302
714
762
677
66
424
22
103
266
300
399
124
535
694
601
246
984
214
61
953
957
845
337
924
315
790
358
498
530
193
811
184
259
925
861
326
349
883
429
968
536
180
92
71
874
45
670
211
260
731
164
569
577
854
493
244
996
852
94
526
397
906
710
656
831
923
982
533
807
763
501
695
295
945
118
522
343
788
733
603
872
249
524
801
103
369
45
100
573
139
978
970
397
689
979
581
612
313
466
771
429
319
818
724
264
937
598
607
77
683
562
949
933
86
750
36
808
147
136
381
639
115
352
36
156
683
969
120
996
435
892
425
754
62
502
371
999
100
330
429
784
245
378
717
683
129
753
491
628
242
873
267
709
577
656
217
260
625
337
608
413
581
34
519
644
888
242
995
988
573
424
124
170
155
841
853
636
947
345
264
541
570
532
602
147
188
819
759
165
156
367
578
738
753
450
734
641
692
729
982
617
506
106
787
661
300
993
297
247
338
561
140
908
445
742
407
633
561
166
799
69
885
729
159
639
179
893
632
224
975
614
193
833
721
333
494
373
326
143
972
16
56
112
276
502
206
683
135
119
201
286
188
86
16
700
77
547
945
710
123
920
324
317
753
397
2
599
122
680
742
94
696
799
558
972
653
764
7
788
883
208
75
424
646
443
124
724
990
69
434
466
342
110
135
95
860
137
47
982
817
141
429
865
292
987
837
945
752
196
86
635
756
161
411
402
956
535
478
946
605
264
412
947
375
547
394
587
36
793
921
853
287
350
70
579
338
907
877
442
455
963
77
211
476
841
966
432
376
444
730
333
709
495
632
436
42
379
23
431
172
296
636
459
647
707
391
337
966
268
779
422
583
208
985
59
49
951
843
778
396
573
111
457
68
744
893
463
475
268
246
647
564
882
459
563
589
202
900
908
822
31
330
405
240
315
816
289
619
659
67
367
584
531
824
5
627
69
468
102
337
714
101
253
948
560
817
890
114
69
798
936
101
480
341
341
795
509
982
766
168
402
133
105
933
309
110
912
378
930
14
715
996
115
321
944
28
138
834
142
207
984
79
660
464
772
1
612
282
336
378
802
738
864
907
23
173
17
935
552
299
949
619
295
416
940
592
444
430
426
587
638
411
18
650
227
790
652
839
72
340
218
875
78
82
782
453
607
152
388
159
451
689
131
99
457
71
691
902
502
117
841
492
880
859
142
460
649
146
299
722
486
517
949
916
951
731
721
911
235
461
70
39
150
553
138
608
625
829
862
479
298
703
323
531
914
817
991
563
964
290
637
802
160
586
71
463
318
792
374
905
254
445
944
756
350
82
716
975
911
578
806
562
633
129
93
547
947
84
463
263
374
100
417
886
687
840
350
357
633
724
262
239
521
207
995
872
641
64
199
905
994
6
467
980
135
560
527
434
644
342
49
370
443
819
257
130
659
607
487
644
683
101
883
205
660
231
77
302
647
628
559
641
634
26
621
122
586
501
908
582
843
958
304
286
777
913
768
788
520
607
433
556
709
316
761
369
899
190
23
546
818
582
540
805
608
161
927
546
14
835
480
858
145
785
496
274
698
265
63
571
872
496
127
933
164
240
655
416
782
678
962
600
261
502
405
221
16
684
120
30
520
600
240
17
737
737
292
788
354
355
711
578
851
190
512
367
782
167
783
564
197
98
516
810
952
922
32
968
958
504
351
830
456
591
848
546
680
140
334
386
847
397
965
698
587
829
417
369
348
201
933
545
651
449
708
603
723
92
924
34
596
275
864
52
218
712
598
251
204
284
637
51
33
954
101
620
135
871
341
835
424
626
381
75
428
89
678
503
181
954
537
129
581
754
533
800
818
484
403
23
768
40
426
154
347
880
774
834
751
468
670
175
446
403
250
874
492
280
730
25
587
619
506
168
373
39
968
192
523
371
567
644
764
345
798
463
225
924
297
328
392
967
503
839
370
105
65
214
738
795
591
325
415
449
493
140
489
814
684
364
537
251
8
653
949
806
116
526
83
766
855
827
85
358
18
808
816
84
374
554
231
966
879
998
415
372
139
256
538
175
621
76
779
629
729
728
788
846
254
223
964
109
50
49
820
69
857
988
505
584
542
736
550
773
87
317
497
578
926
36
753
547
112
532
528
841
260
668
39
867
891
355
328
942
405
500
11
614
488
516
198
30
604
100
803
691
770
301
621
696
337
375
595
801
907
123
994
520
144
34
739
35
741
67
329
146
568
340
113
408
208
311
439
165
764
594
208
534
247
830
582
936
205
529
737
464
4
84
336
148
470
75
184
211
495
513
358
415
206
823
823
766
486
614
283
250
209
492
136
808
322
70
745
879
599
834
695
604
918
32
752
388
459
288
952
954
154
310
369
712
485
545
830
971
159
114
574
720
606
710
529
280
133
626
511
732
812
206
688
731
590
793
471
50
433
423
356
587
85
726
651
570
623
834
894
782
948
468
855
906
178
384
186
311
362
697
396
174
255
84
257
846
877
81
896
663
856
252
250
942
330
254
864
953
88
758
88
388
578
943
294
109
327
832
420
41
881
168
215
136
605
825
982
834
906
230
497
762
483
100
56
165
354
273
119
794
383
207
182
962
502
828
71
181
660
843
222
541
12
789
29
969
614
12
803
872
594
301
987
77
401
43
595
107
668
714
253
52
273
787
14
775
615
85
956
627
928
530
520
292
319
549
261
286
913
417
158
508
718
497
937
471
541
532
930
561
598
183
613
871
970
627
998
937
64
306
564
345
836
436
989
156
985
251
794
251
668
952
759
738
450
48
209
343
581
491
904
179
674
870
403
996
849
401
933
914
60
849
611
896
285
600
404
622
203
198
873
223
503
984
313
305
33
874
0
614
365
256
145
39
126
548
35
976
302
320
242
362
169
205
610
806
805
367
429
361
565
302
584
420
287
898
77
672
772
77
286
490
686
431
529
812
332
917
140
634
589
734
348
759
939
310
565
745
677
346
458
595
1
42
15
288
292
93
312
417
522
598
907
208
381
788
21
65
57
513
51
647
248
399
758
539
62
675
636
739
22
94
334
23
489
350
663
781
795
975
550
317
925
809
526
658
598
899
76
7
764
127
654
364
879
764
904
941
440
540
680
814
987
367
189
476
717
204
609
864
531
512
181
808
321
59
466
271
310
894
279
75
22
933
439
253
50
695
194
490
236
226
656
575
593
845
403
662
49
12
526
580
876
60
388
198
119
206
469
782
453
748
857
475
34
296
80
436
992
626
926
580
852
934
507
798
779
910
812
180
274
339
112
151
751
852
701
222
410
170
4
863
271
861
690
657
510
770
93
854
396
371
786
601
305
293
751
436
555
563
968
829
254
80
332
5
284
33
228
694
556
232
558
827
446
600
836
956
723
281
162
471
652
948
72
309
241
175
97
796
739
65
977
993
497
310
999
781
343
579
475
899
811
385
78
609
986
266
565
709
547
727
532
551
27
957
212
620
132
309
768
871
374
746
217
871
56
216
652
751
795
480
3
958
865
81
920
203
700
837
264
247
917
797
151
944
754
363
565
886
25
333
110
751
79
327
623
487
895
627
591
42
459
594
0
325
27
272
880
727
110
145
327
27
294
478
971
48
193
536
286
218
222
396
970
653
75
945
493
970
924
84
12
384
30
365
61
57
637
293
137
747
438
816
774
732
646
98
132
839
986
419
410
208
167
732
862
243
677
355
213
953
791
578
689
821
943
102
230
580
396
719
680
834
535
806
919
181
904
51
373
891
822
783
99
990
515
313
233
544
20
798
497
811
376
539
984
671
641
567
252
37
286
284
224
174
90
143
707
995
546
80
238
369
215
337
359
82
3
944
978
375
94
828
539
823
367
523
494
8
442
98
398
729
382
622
255
473
765
962
820
311
395
58
680
962
747
391
45
750
687
375
478
782
203
17
957
922
892
451
283
335
550
681
416
284
303
671
757
68
633
577
731
28
635
764
991
383
507
388
485
195
763
963
329
319
332
286
241
225
737
876
560
639
557
976
924
860
999
33
280
632
611
364
13
598
128
4
333
987
392
171
182
507
486
511
178
819
149
772
396
887
648
956
878
558
284
802
770
635
836
403
267
799
767
280
749
247
636
435
234
380
606
769
888
92
280
418
263
430
190
659
669
191
967
547
749
603
702
519
238
890
922
506
41
689
138
790
288
775
225
875
155
183
644
395
628
924
814
891
706
4
903
727
195
870
627
944
826
329
816
64
571
738
922
612
780
61
754
68
188
332
943
343
867
587
739
495
864
905
739
922
261
642
650
809
512
277
105
338
958
921
755
881
660
677
493
440
90
599
860
278
283
156
974
151
95
65
646
959
970
385
234
583
379
236
392
892
513
498
582
823
419
689
704
431
367
549
223
809
500
84
440
784
592
414
935
687
831
933
999
153
671
233
736
50
469
129
294
334
979
229
509
398
918
213
182
637
114
405
447
614
841
239
398
433
5
685
473
836
971
472
989
642
57
725
692
526
206
339
212
185
568
721
936
486
286
118
476
752
875
275
366
717
514
117
502
519
154
975
355
125
447
696
767
856
773
812
734
332
151
946
517
719
19
805
557
657
275
33
409
503
308
128
220
822
245
74
693
399
50
48
525
849
96
644
706
870
456
792
202
607
739
71
678
110
877
236
768
504
269
529
7
930
657
579
752
902
6
446
654
408
846
531
609
943
175
667
813
632
460
367
591
199
438
270
661
667
506
429
524
127
311
883
57
968
463
810
223
469
608
877
229
454
760
838
749
935
506
914
919
966
281
511
517
72
781
178
91
639
960
615
766
271
499
824
239
314
986
462
135
594
691
364
400
451
202
502
739
708
416
658
26
50
521
543
474
302
722
565
941
682
533
60
953
384
884
544
50
870
359
185
816
402
901
216
854
103
718
945
164
487
955
190
537
477
734
11
131
808
928
73
490
813
485
795
197
369
691
247
239
50
784
55
453
685
623
659
789
694
956
305
181
911
495
718
388
581
81
520
389
361
945
231
175
430
378
372
799
70
972
390
472
756
797
277
442
772
288
583
466
244
888
647
156
735
717
896
317
150
416
58
512
713
290
687
143
20
411
294
442
735
36
915
492
185
544
286
958
833
869
776
77
757
424
585
492
493
482
161
644
250
220
156
964
862
195
459
882
958
106
325
694
142
592
538
680
136
824
638
321
693
414
751
802
190
336
646
684
170
808
328
773
380
836
89
242
31
548
476
341
654
153
35
149
745
925
829
234
749
819
555
794
585
306
596
776
995
595
460
517
403
140
290
783
328
731
377
359
280
853
52
286
7
440
787
752
365
616
986
467
787
894
261
373
200
210
149
547
805
961
65
560
453
707
343
781
439
720
492
71
925
544
709
932
984
497
37
702
465
375
169
253
269
782
978
822
344
127
369
501
440
786
61
893
494
756
26
285
828
518
708
754
62
417
686
399
266
75
453
84
451
974
689
720
108
667
542
453
146
264
306
938
50
368
831
896
476
209
533
657
727
241
411
141
11
449
892
629
525
345
713
976
671
754
48
780
421
943
585
919
207
891
857
609
611
40
858
88
249
391
97
976
985
508
470
996
309
362
625
186
60
691
514
731
445
915
511
219
858
96
138
417
340
348
26
951
388
884
391
990
628
488
318
613
348
788
961
10
503
938
196
563
629
63
294
427
978
158
998
836
606
136
253
298
836
631
250
225
868
641
567
496
482
885
461
830
674
422
840
177
360
389
92
342
452
738
769
782
248
767
970
855
255
575
153
92
206
755
669
426
749
236
922
231
473
383
413
499
157
254
28
518
995
120
212
799
859
333
581
107
100
903
314
707
478
820
151
36
927
172
463
676
760
737
907
234
473
321
733
630
927
762
500
274
234
712
73
445
45
654
553
497
909
219
557
387
391
708
775
319
233
238
995
993
976
255
579
449
928
665
431
207
779
932
481
13
644
554
459
42
560
364
891
469
583
448
208
975
509
983
646
742
222
641
87
550
248
667
351
176
684
782
383
463
714
864
476
711
418
935
105
330
299
996
799
235
797
7
562
306
991
208
400
565
201
839
115
450
858
818
626
542
600
362
5
667
226
482
730
997
769
835
327
69
183
479
656
980
486
218
638
829
778
390
394
331
230
861
781
88
31
760
631
632
122
636
651
348
470
733
697
240
568
25
309
103
504
317
436
342
887
426
172
665
817
918
348
47
132
130
487
163
890
118
147
364
107
150
712
577
883
762
817
803
139
478
907
995
795
695
337
34
121
861
51
938
132
400
337
616
530
177
779
772
647
279
136
754
781
200
684
665
962
501
468
101
332
727
448
479
422
786
514
896
999
917
186
131
317
876
747
199
53
879
971
700
510
459
807
291
660
491
956
974
344
777
428
676
856
876
508
279
14
374
527
14
291
713
145
609
589
893
160
642
124
132
695
634
943
502
925
603
993
234
930
337
11
358
366
867
586
226
498
601
600
25
615
891
91
760
852
680
5
13
675
481
497
370
115
440
872
393
44
217
627
326
554
990
684
272
209
270
498
60
223
98
85
838
342
528
951
194
561
956
207
236
438
704
606
905
497
830
298
893
47
277
219
953
267
903
226
477
525
724
537
749
175
974
939
517
855
890
63
416
847
271
652
637
327
610
894
824
440
193
717
839
470
936
792
90
191
18
919
69
95
808
170
622
134
461
491
989
352
554
405
551
177
409
540
505
19
434
681
811
627
751
650
450
39
443
540
583
813
459
4
260
267
526
234
401
987
725
743
339
280
148
890
457
558
430
314
929
865
348
741
844
99
391
294
490
186
186
73
352
997
77
964
264
603
199
18
591
924
113
930
556
261
173
366
171
955
680
101
820
380
842
17
479
585
311
970
124
850
395
476
847
473
440
464
428
991
482
371
916
947
654
824
208
827
190
732
782
223
833
955
603
27
324
435
612
987
757
736
837
152
564
685
977
5
149
406
348
983
777
264
930
431
441
490
610
631
222
745
854
55
52
810
82
376
245
47
363
2
135
201
154
700
886
132
57
387
890
405
370
19
22
652
451
463
142
413
94
717
158
301
772
210
463
207
938
708
606
302
62
741
855
568
793
93
52
850
480
294
256
202
314
630
206
117
93
348
530
539
65
689
192
190
251
655
749
190
715
707
844
129
448
699
50
242
792
102
444
624
397
52
826
711
682
32
828
127
732
710
667
150
751
211
692
3
867
793
545
934
500
741
416
300
440
466
542
584
568
339
208
317
391
386
380
74
770
560
553
502
271
220
4
22
432
48
377
651
841
274
937
341
367
353
642
159
819
536
743
740
875
303
409
619
689
790
45
811
702
598
666
325
171
670
700
603
719
429
606
912
704
895
606
423
249
248
583
420
136
326
160
364
982
922
983
23
712
380
835
766
978
501
92
149
523
792
104
594
221
62
859
277
958
465
701
559
713
284
979
201
962
492
917
944
414
252
320
478
632
155
244
963
8
336
112
883
480
569
830
702
983
689
979
941
154
680
852
219
316
184
420
631
676
338
575
442
942
895
272
575
402
868
538
762
557
2
646
37
571
476
739
555
517
71
848
671
103
53
890
420
237
662
51
265
352
978
59
295
226
331
222
980
199
760
743
756
762
741
146
686
217
885
593
86
956
793
757
412
846
999
832
83
13
235
700
718
565
759
365
791
90
587
772
642
347
867
750
461
608
896
499
177
134
92
263
442
886
20
854
84
371
38
520
384
273
220
454
839
980
819
982
422
406
754
416
105
621
519
567
581
415
66
758
549
511
21
344
749
393
198
833
116
237
353
853
510
926
307
701
906
127
684
680
533
790
97
991
764
616
910
345
383
976
104
285
839
477
629
588
871
827
774
987
416
127
192
279
53
500
980
311
627
16
992
512
159
441
503
923
409
413
620
144
742
76
429
933
554
410
522
777
590
296
116
6
775
309
285
181
809
618
492
788
634
836
652
793
629
508
68
390
273
689
535
367
765
316
301
671
79
823
800
669
471
269
27
598
578
313
779
739
931
624
879
917
812
883
63
442
391
131
832
665
172
719
32
290
388
685
961
467
860
114
488
331
383
515
282
313
828
61
404
111
37
283
381
850
166
444
292
910
575
476
575
748
548
959
38
936
645
351
755
505
465
243
189
200
758
471
513
939
884
917
402
922
552
783
772
71
579
416
981
507
244
908
607
144
867
997
80
864
348
187
722
166
430
263
718
541
734
232
480
618
501
234
892
54
18
664
477
949
432
458
456
677
366
63
821
585
60
254
802
761
441
524
279
224
787
997
765
873
581
597
843
83
831
736
489
201
752
966
503
185
424
959
214
142
375
35
79
435
641
881
548
435
405
827
659
544
825
776
417
406
725
613
841
556
349
330
110
101
648
613
286
424
924
500
566
299
888
646
87
529
879
987
316
637
815
327
181
992
103
951
750
828
916
944
737
265
274
199
718
275
164
5
699
88
857
618
740
97
616
827
979
495
814
295
132
981
623
666
325
78
969
76
259
885
20
348
150
646
547
868
273
711
225
973
151
435
591
891
532
207
70
511
702
237
159
187
218
782
853
896
212
822
972
471
707
344
819
209
342
718
429
616
781
655
941
933
90
532
176
974
91
599
838
793
836
997
332
406
131
185
302
343
359
626
167
418
322
338
627
665
57
57
633
838
64
574
123
154
458
652
480
549
251
318
694
439
315
27
845
798
212
500
142
924
126
661
342
449
999
970
466
56
379
451
247
443
25
722
949
483
726
429
32
977
748
726
768
63
105
966
862
670
466
356
594
944
17
936
393
16
258
211
425
637
662
24
432
39
746
381
522
473
811
906
802
559
985
571
974
90
889
836
760
355
544
354
299
913
643
45
930
253
256
707
891
271
731
323
310
829
57
185
302
868
91
457
427
76
380
401
167
269
590
279
624
486
986
275
400
629
320
682
882
929
389
125
552
472
801
862
301
858
47
956
726
491
413
505
567
793
258
86
62
848
366
38
335
352
313
87
333
986
769
567
915
510
693
467
982
846
681
635
704
81
591
782
572
4
287
139
149
545
226
563
746
944
601
433
296
915
872
981
901
641
548
168
503
241
987
485
87
668
120
143
749
64
277
321
420
564
813
570
462
391
133
560
335
735
345
983
2
217
964
255
210
512
423
713
106
410
198
545
430
670
689
180
86
966
853
507
883
666
77
697
57
210
609
744
297
954
727
299
523
691
906
733
556
329
446
14
91
996
559
522
18
600
702
105
919
555
612
154
574
689
851
631
251
460
728
549
766
455
200
289
499
107
22
407
788
820
421
880
816
980
402
834
933
456
939
852
363
903
6
937
592
209
921
196
21
649
97
787
456
649
428
955
108
450
362
897
270
135
129
438
468
531
624
401
339
564
605
702
819
611
992
412
172
913
960
193
914
57
332
370
706
760
678
815
210
392
64
832
528
193
622
996
724
246
397
415
162
2
117
982
965
109
394
137
374
706
682
288
763
14
659
821
774
689
636
336
81
700
520
609
245
142
957
321
388
706
736
903
60
854
885
25
315
631
514
690
337
548
978
100
562
989
921
688
678
910
24
112
962
896
721
208
390
679
529
779
385
266
682
446
472
919
823
787
550
690
829
887
238
160
987
153
501
260
841
180
522
218
644
485
114
717
45
505
748
574
636
486
192
670
284
16
589
107
156
139
149
985
26
388
145
365
541
647
977
734
179
500
952
823
985
67
540
30
572
641
956
560
127
501
230
411
517
819
518
673
310
668
11
336
408
508
53
301
155
30
35
686
882
988
861
219
407
754
601
979
395
558
891
522
59
121
933
928
292
803
954
602
823
965
290
583
473
695
884
981
77
920
19
960
260
881
179
667
987
781
998
734
691
889
256
102
362
541
30
6
344
336
960
520
301
602
103
127
297
988
108
726
260
479
686
520
360
218
539
699
351
537
433
42
778
41
496
492
582
526
498
927
215
458
447
516
60
550
643
709
890
103
435
502
583
474
374
295
692
913
347
43
802
780
437
932
822
933
424
404
811
922
683
26
732
482
895
144
385
890
853
627
994
641
130
929
115
504
576
807
418
923
202
572
56
639
505
878
924
929
634
87
204
670
466
288
152
361
433
889
251
638
517
597
279
647
878
394
503
455
201
921
730
755
846
138
746
351
16
670
632
3
110
188
25
576
477
529
937
262
419
540
900
288
138
532
287
368
926
790
175
480
64
906
235
910
396
982
613
765
4
245
768
114
786
793
690
615
322
979
877
93
520
129
381
10
13
668
378
940
811
554
772
875
812
7
785
208
341
750
973
698
347
93
812
133
238
855
748
913
834
977
6
354
459
740
364
472
760
95
764
571
649
536
798
813
896
583
373
589
685
347
287
33
440
100
166
31
307
267
944
141
596
950
848
407
42
564
232
803
659
996
726
660
885
525
825
781
460
199
370
146
546
658
179
338
110
697
369
417
964
665
910
913
616
758
672
10
323
904
813
334
901
892
995
138
417
820
919
877
371
641
23
269
299
202
608
761
252
329
530
568
347
441
481
315
199
154
325
874
410
491
209
663
383
556
801
800
728
720
677
100
362
53
369
13
607
329
127
859
11
657
428
358
98
261
673
650
415
998
524
178
489
733
841
872
641
643
24
370
715
702
822
429
107
191
443
714
521
922
574
884
579
2
242
678
263
915
328
31
265
852
209
107
938
402
331
579
45
356
301
761
58
123
542
517
667
337
231
540
259
805
424
839
159
666
869
775
933
197
158
550
401
367
657
691
769
989
623
167
345
924
280
755
400
822
272
67
160
503
607
771
661
31
610
172
49
479
947
334
28
105
884
782
824
542
473
594
531
96
113
228
373
393
335
773
567
607
840
79
462
799
851
475
182
813
648
231
645
595
565
673
701
449
455
877
343
929
823
874
377
936
454
750
681
789
875
249
748
67
328
211
866
179
686
48
345
334
631
990
282
196
663
335
998
471
212
341
752
36
568
129
972
374
232
6
164
107
255
912
175
583
475
393
115
162
794
460
848
425
450
130
974
465
465
972
288
30
665
40
66
585
522
390
960
106
396
124
213
3
388
740
587
864
486
54
26
280
866
226
705
668
357
679
485
174
3
774
556
21
166
622
606
40
365
918
146
113
394
712
117
783
452
56
647
938
462
25
570
328
251
276
996
960
307
481
487
663
607
43
36
774
18
642
814
735
913
313
848
307
25
317
90
829
725
89
120
187
114
690
867
718
966
863
30
626
697
517
289
304
913
325
430
931
319
597
18
232
910
866
892
287
536
982
116
261
72
236
801
538
927
668
608
245
884
639
871
581
508
512
237
773
189
20
56
861
617
74
445
879
293
337
166
829
320
282
442
744
871
243
634
798
264
595
395
148
234
619
81
94
131
318
868
673
690
924
534
659
351
979
890
644
317
56
473
989
691
267
85
562
863
71
712
127
666
459
275
252
78
356
699
562
26
567
235
69
843
769
728
194
100
619
838
769
27
663
110
718
931
547
632
794
619
696
273
637
156
548
890
586
256
589
148
634
508
383
703
703
504
432
898
957
403
88
726
430
104
189
501
35
736
485
181
707
534
454
345
690
354
587
628
610
528
777
596
36
512
300
739
369
84
989
326
487
78
404
269
182
945
122
569
34
608
102
741
142
556
438
184
262
25
812
224
553
941
820
941
454
120
681
175
556
22
501
395
100
257
665
634
203
787
555
237
747
657
330
889
565
121
73
179
498
238
403
404
179
224
345
985
696
378
160
253
401
13
648
853
623
665
840
178
453
395
767
200
405
97
442
322
218
867
502
717
105
257
473
637
481
818
974
530
197
487
783
950
500
783
803
475
449
643
653
254
391
420
806
148
518
248
470
88
116
324
157
573
582
630
562
415
801
537
945
998
24
80
300
876
864
103
352
313
99
5
919
842
426
725
990
296
326
812
736
794
137
246
367
71
876
282
486
677
819
432
27
195
512
327
71
728
783
775
41
882
781
312
724
559
38
66
207
364
878
943
158
367
189
877
438
418
511
925
447
682
709
475
877
573
154
301
302
289
76
343
523
209
8
599
120
46
665
327
762
544
623
272
263
164
501
702
582
13
979
382
695
688
209
925
261
363
226
563
653
654
259
176
216
267
776
336
665
793
16
427
689
639
51
953
155
552
655
738
917
634
120
965
674
329
890
935
44
468
851
49
122
110
578
338
729
706
27
394
499
43
173
541
34
224
494
189
128
501
279
398
487
751
363
161
432
253
448
477
73
651
878
195
113
456
886
842
514
265
588
366
308
761
907
694
337
401
883
466
254
163
864
741
914
579
254
347
832
54
176
905
706
54
452
819
863
690
662
729
955
250
95
615
364
2
309
701
755
193
519
361
708
735
102
622
314
708
321
498
763
497
403
469
904
208
288
119
250
302
848
558
905
944
173
269
298
835
322
54
28
842
415
88
929
870
62
244
578
384
742
693
233
498
162
489
58
803
608
308
457
457
866
362
753
392
983
51
227
306
457
607
500
225
695
429
447
757
25
25
141
768
719
727
266
233
216
676
388
177
984
846
634
203
208
739
595
544
790
822
202
248
429
702
825
124
483
272
881
509
649
375
629
720
454
247
954
670
923
342
847
259
188
833
462
749
572
57
293
715
879
495
315
660
549
140
784
384
412
18
245
413
745
874
134
199
121
88
221
396
782
421
656
323
606
118
72
179
176
717
894
407
564
561
420
465
701
204
849
465
574
95
878
671
321
12
222
795
452
796
191
235
217
199
558
823
318
982
354
846
699
600
605
615
161
25
80
214
582
929
679
508
376
558
180
50
922
402
845
375
550
388
962
767
588
872
943
258
854
649
456
553
602
61
520
763
87
600
978
21
881
9
529
610
919
709
660
842
464
857
569
14
245
531
134
185
403
429
443
609
78
899
514
680
313
34
796
752
634
126
773
515
135
302
125
55
364
137
249
180
994
818
546
240
701
680
777
104
461
573
713
540
824
227
572
137
613
720
889
247
846
14
114
982
317
240
389
33
377
638
213
372
808
759
964
509
792
93
965
253
666
30
145
491
609
718
628
222
438
870
469
637
884
583
619
553
175
360
586
905
350
151
629
158
263
945
667
55
38
984
660
705
14
806
548
623
876
528
197
314
398
18
951
635
601
922
188
129
634
127
34
984
630
663
142
893
608
161
300
998
145
961
703
159
767
603
134
643
132
683
309
882
701
613
517
655
535
58
784
170
537
818
154
167
833
649
61
793
810
361
791
956
322
847
467
441
450
954
436
582
989
746
465
691
359
334
346
246
744
130
768
281
300
275
801
133
924
862
926
86
575
69
394
250
916
214
43
367
520
480
949
509
226
766
200
937
453
546
183
197
28
304
831
328
579
632
813
855
846
91
293
421
161
688
23
77
902
67
444
422
547
746
283
773
864
484
62
317
382
597
867
411
901
698
91
832
682
905
39
528
996
333
949
157
21
325
235
275
392
31
49
939
129
332
64
994
168
478
663
551
75
530
962
977
580
405
161
262
310
201
142
659
534
444
816
555
769
403
182
161
787
231
452
916
563
868
910
732
346
926
635
421
456
949
750
389
354
912
3
665
113
146
324
647
590
492
554
711
248
736
224
35
319
676
303
234
896
566
318
242
492
953
15
300
902
118
689
609
30
45
274
495
543
950
494
485
794
400
196
394
488
420
429
807
448
85
41
344
651
712
938
143
17
305
443
272
423
485
881
805
530
155
300
425
457
146
910
603
546
106
998
34
878
779
193
678
864
235
374
515
299
664
10
316
969
454
588
745
291
469
550
173
976
203
598
785
701
508
389
248
966
387
634
196
166
828
874
383
415
248
250
714
912
261
382
233
67
971
978
358
792
881
883
121
436
481
906
137
341
647
737
659
34
372
855
553
200
81
288
615
329
538
681
593
799
63
826
866
386
157
576
179
38
459
300
826
292
558
315
985
206
53
644
592
777
851
497
329
932
785
944
613
324
977
206
123
40
33
342
779
190
270
958
580
82
610
758
726
168
73
712
726
126
708
319
255
560
816
584
844
954
880
458
278
857
664
753
250
697
447
29
239
718
339
171
152
301
929
878
821
3
590
548
481
651
219
737
211
387
673
55
341
554
513
971
763
178
77
13
227
524
394
819
594
85
342
98
738
272
977
560
627
919
460
460
570
31
197
133
418
223
189
112
777
54
435
540
584
512
906
164
389
652
335
335
90
677
434
828
949
411
388
928
682
200
389
253
231
938
386
2
161
927
114
290
982
901
183
566
414
89
82
155
93
417
490
183
95
924
12
396
687
752
325
370
953
66
975
184
4
361
186
518
289
652
808
623
906
343
541
320
432
624
827
878
41
317
61
136
594
425
885
633
178
562
3
483
628
978
19
984
692
558
502
981
562
663
956
468
6
497
140
791
121
967
21
515
637
434
3
231
860
888
864
390
450
220
873
430
550
244
415
242
802
269
575
365
284
531
185
643
381
326
786
854
293
807
369
282
241
725
865
453
613
82
843
416
302
68
198
852
313
613
95
467
235
22
184
519
554
370
514
935
48
300
789
693
459
511
976
701
236
841
154
201
275
350
969
577
770
168
782
435
133
229
903
368
251
439
240
157
161
754
444
209
55
586
255
866
97
231
567
685
424
74
238
52
776
208
629
546
728
763
982
861
344
237
230
948
28
470
105
190
576
550
751
983
488
6
850
937
589
769
622
366
843
212
418
971
772
399
518
500
515
852
362
859
441
944
807
469
766
265
659
342
815
763
326
655
121
528
592
711
297
566
429
493
778
199
464
551
598
334
403
113
538
765
325
979
61
484
449
827
749
460
522
916
575
848
571
697
376
163
760
673
81
189
518
212
388
983
115
338
317
518
804
856
636
129
187
697
613
636
525
363
449
47
279
24
247
203
721
975
718
833
0
800
22
519
12
410
502
127
749
171
997
905
379
633
34
567
331
999
555
208
714
356
255
346
733
854
549
454
829
267
288
181
419
662
700
431
425
554
910
526
726
908
431
457
541
465
376
224
816
932
432
531
640
39
877
373
893
778
180
74
45
820
256
465
482
308
248
907
863
159
785
941
419
216
750
312
33
127
537
850
411
969
733
51
361
610
777
606
388
957
681
785
777
289
602
611
949
851
871
164
362
656
105
133
873
208
445
258
335
982
108
98
304
841
501
665
803
278
271
543
587
304
329
364
945
931
328
895
134
199
59
848
207
517
981
80
77
427
339
764
761
799
862
65
993
715
730
796
994
354
340
933
658
21
298
956
304
978
203
439
177
262
639
384
131
621
817
208
400
508
972
161
307
186
227
300
902
309
449
248
15
789
181
26
810
831
982
114
809
185
905
338
799
545
75
283
518
244
843
918
752
168
431
411
354
658
64
608
320
513
208
335
654
390
361
816
573
695
930
735
880
188
73
32
85
500
315
603
744
158
873
848
678
304
612
33
315
676
993
635
541
202
322
195
944
36
11
517
83
293
604
964
833
30
348
918
530
15
521
627
173
394
827
204
699
439
237
14
467
582
1
8
136
675
555
80
63
566
950
147
212
554
463
45
584
811
964
467
826
837
94
351
232
921
555
283
713
144
649
180
79
2
189
215
677
744
648
741
663
598
240
227
504
703
624
441
514
588
908
692
778
354
43
362
627
951
645
340
95
646
521
174
648
62
742
677
158
390
770
173
988
10
400
844
713
25
285
579
965
545
271
95
899
667
457
879
618
102
219
65
100
92
592
748
154
334
778
665
724
548
838
64
559
239
260
624
616
546
556
933
443
827
29
695
846
486
574
816
941
145
882
41
238
826
142
744
160
920
409
236
820
600
300
731
191
560
356
807
458
912
92
902
91
121
949
938
960
523
106
253
20
988
646
610
166
788
355
326
60
116
562
881
68
214
612
259
127
320
66
585
232
511
839
676
632
788
966
944
663
72
197
36
413
844
646
579
984
353
906
45
470
820
926
890
387
890
150
514
211
568
451
795
79
291
471
712
431
789
8
447
862
206
483
275
402
129
206
386
483
112
431
305
285
709
195
672
952
345
538
515
914
989
310
993
280
134
57
64
923
418
511
137
624
346
764
378
475
971
764
310
435
548
967
720
609
163
744
561
860
282
76
126
624
739
120
256
225
529
320
148
947
183
638
923
529
402
301
357
373
418
19
809
318
987
881
927
150
978
841
362
612
269
489
236
8
961
845
233
842
165
734
790
701
372
65
582
126
719
939
500
489
311
661
807
298
894
86
800
224
927
162
189
197
651
777
557
612
622
143
455
140
229
597
841
601
14
423
79
85
715
931
574
378
944
733
676
839
820
476
415
99
638
604
296
290
382
206
254
356
349
61
496
578
10
337
531
377
113
962
462
180
894
389
558
838
122
586
29
942
62
445
42
700
401
690
342
135
248
949
492
949
10
988
879
373
678
410
750
143
725
212
675
619
601
585
457
76
171
487
370
233
284
412
285
37
455
628
173
703
929
17
653
291
357
532
664
35
295
766
530
20
979
205
991
932
142
448
360
313
287
731
546
923
495
184
961
950
812
486
6
93
503
11
384
860
543
401
248
190
167
778
562
498
336
553
783
478
354
143
792
993
874
690
269
370
874
582
320
38
68
678
131
923
689
868
135
585
269
383
775
436
514
690
935
850
243
718
680
949
861
824
943
88
867
564
458
93
146
130
132
214
809
615
489
850
835
624
435
104
8
211
893
522
253
828
724
496
898
756
798
111
933
93
199
800
657
9
893
803
492
377
369
301
345
858
151
180
482
939
637
490
502
530
364
755
710
440
603
608
549
401
71
482
494
623
634
151
632
527
306
124
257
675
777
602
533
281
134
16
220
771
858
722
301
575
829
363
367
432
971
268
834
395
102
328
18
736
832
2
616
138
479
873
814
608
827
699
889
961
67
461
85
278
535
738
205
364
102
924
797
425
193
983
820
295
663
190
32
495
193
648
986
24
873
152
632
700
851
874
13
271
335
98
549
223
189
754
587
291
678
736
716
223
719
537
519
383
79
903
230
624
903
568
648
776
720
281
828
924
507
193
195
842
644
744
417
833
850
5
124
880
93
840
456
165
729
975
900
809
230
482
433
133
51
82
261
771
715
441
695
574
986
242
768
630
338
186
463
540
543
939
421
636
780
877
801
861
204
53
670
786
536
456
271
587
890
532
710
957
325
406
531
311
0
299
294
339
485
757
879
28
49
652
17
181
529
170
42
85
224
65
871
760
521
142
699
763
26
409
720
703
167
603
15
168
902
309
859
740
418
738
120
467
391
137
648
272
660
43
710
884
108
933
996
981
76
47
744
454
456
816
158
976
771
525
144
673
186
355
765
956
93
886
776
836
375
424
461
35
819
523
271
927
456
267
260
884
314
356
339
123
524
849
99
295
374
595
969
560
950
86
516
395
324
644
584
700
69
397
735
240
920
7
520
376
626
780
261
293
137
952
416
661
801
515
309
527
462
278
439
412
716
307
159
41
952
743
741
21
140
828
613
412
187
133
141
814
914
754
459
403
706
875
416
859
742
725
386
204
355
825
968
72
132
479
465
84
575
206
457
67
386
71
480
574
204
621
740
470
375
199
873
433
426
642
292
168
367
678
724
723
855
44
147
987
523
612
424
98
170
881
518
556
304
998
482
509
619
574
331
346
125
205
779
551
199
71
71
566
101
795
641
956
191
788
295
67
752
719
517
922
953
35
831
257
33
313
766
4
240
450
702
365
7
481
917
206
904
988
772
357
136
414
313
679
554
961
746
307
680
264
581
633
651
412
891
685
78
9
41
318
811
744
683
818
577
600
24
834
941
797
191
429
563
857
108
469
818
207
776
850
471
710
836
122
122
79
159
200
440
553
870
252
649
554
70
578
506
95
412
799
244
604
228
159
813
337
628
983
544
757
833
367
467
21
841
941
100
353
494
541
258
364
145
907
918
215
485
777
662
898
576
258
854
805
769
667
494
398
650
390
507
835
109
974
857
302
915
309
655
761
850
913
126
347
172
396
915
658
173
929
908
750
188
762
555
309
781
401
707
783
791
566
970
900
540
179
202
808
489
210
569
691
475
47
39
648
444
954
306
617
883
566
367
423
680
274
733
461
675
792
596
818
359
918
70
251
98
625
411
587
187
333
278
662
380
669
310
824
623
968
794
859
534
161
634
214
788
367
27
463
512
975
634
223
894
704
474
992
681
238
931
868
571
561
531
303
231
841
128
854
162
922
65
696
435
700
911
223
419
938
39
931
914
673
154
160
729
981
504
411
219
435
279
142
996
162
445
579
356
573
786
518
847
851
214
635
551
477
858
323
416
249
254
682
274
761
194
4
742
698
767
961
133
398
103
481
913
900
413
269
826
199
787
673
50
353
660
954
831
871
277
247
120
883
281
747
644
475
751
386
173
870
699
658
620
154
491
533
55
904
802
881
103
941
906
506
295
567
812
126
438
89
725
910
972
358
657
969
833
760
355
358
982
407
368
603
561
859
488
968
116
643
201
571
584
108
77
231
27
889
709
817
330
434
79
655
792
737
624
977
849
331
335
832
90
55
787
4
267
275
972
383
270
174
306
207
634
384
438
13
625
148
830
308
934
909
315
79
998
291
56
848
622
744
32
65
799
171
69
66
446
393
801
69
919
108
276
553
844
66
918
821
566
748
129
501
10
796
932
360
87
988
560
62
84
944
127
884
115
196
302
914
941
456
983
861
564
259
766
760
677
685
581
244
785
63
97
147
859
29
508
947
369
420
9
454
365
488
690
480
36
992
394
977
800
729
838
364
340
605
476
18
290
58
614
427
473
711
575
684
740
435
631
461
855
992
915
572
832
605
53
868
950
799
846
750
529
684
467
221
641
943
239
283
353
853
711
178
916
638
863
8
73
846
470
280
191
385
853
23
343
258
892
293
57
90
395
938
126
862
512
768
158
751
51
863
957
114
42
225
752
257
234
177
103
704
458
646
89
663
670
784
921
914
77
330
4
825
621
130
687
133
250
197
236
654
61
545
768
455
771
873
712
5
50
167
709
860
814
150
523
836
287
444
750
364
127
106
189
748
588
229
233
839
426
469
493
839
367
613
294
138
486
358
495
889
526
556
749
340
58
273
176
345
69
278
62
548
736
251
296
676
832
881
515
611
703
360
450
70
326
97
560
812
455
55
701
333
963
803
673
21
428
201
367
849
831
429
398
919
32
46
596
217
928
463
828
631
176
630
53
502
727
965
666
535
20
720
868
335
523
894
356
951
447
75
152
279
504
550
198
889
597
146
106
877
610
934
860
786
564
913
288
644
878
954
179
250
26
47
937
549
293
293
852
741
369
5
20
225
907
570
114
504
717
572
733
679
858
593
465
423
858
105
419
88
411
950
690
438
997
627
339
643
921
192
384
642
549
404
867
456
326
334
313
395
906
46
74
765
992
539
540
850
644
311
291
408
261
981
846
610
609
185
253
882
729
637
524
278
393
743
